================================================================
  大乐透  第 26059 期  预测报告
  基于历史 2876 期数据  |  生成时间: 2026-05-28 10:00:19
================================================================

----------------------------------------------------------------
线性回归
熵最大化
MLP神经网络
XGBoost
GRU序列
冷热号平衡
同期历史
连号跨度
奇偶比
随机森林
贝叶斯
遗传算法

06 11 17 23 29 | 04 09
04 15 16 17 24 | 01 08
02 10 14 15 17 | 04 07
01 08 09 16 20 | 09 12
02 05 25 30 33 | 09 10
04 09 16 23 26 | 08 09
06 10 22 25 35 | 05 10
29 30 32 33 35 | 07 10
01 07 29 30 32 | 07 10
02 17 22 26 27 | 07 10
03 05 29 33 35 | 07 10
09 12 13 26 33 | 07 10

================================================================
  [!] 以上预测仅供娱乐参考，彩票开奖结果完全随机，请理性购彩。
================================================================