================================================================
  大乐透  第 26103 期  预测报告
  基于历史 2920 期数据  |  生成时间: 2026-09-08 10:00:20
================================================================

----------------------------------------------------------------
线性回归
熵最大化
MLP神经网络
XGBoost
GRU序列
冷热号平衡
同期历史
连号跨度
奇偶比
随机森林
贝叶斯
遗传算法

06 11 17 23 29 | 04 09
04 15 16 17 24 | 01 08
02 03 10 14 34 | 04 05
08 12 23 30 34 | 06 08
07 12 28 29 34 | 05 06
12 25 27 28 29 | 02 03
02 06 20 33 35 | 09 10
29 30 32 33 35 | 07 10
03 07 29 30 32 | 07 10
10 20 24 26 34 | 07 10
22 29 32 33 35 | 07 10
10 13 14 15 26 | 07 10

================================================================
  [!] 以上预测仅供娱乐参考，彩票开奖结果完全随机，请理性购彩。
================================================================