================================================================
  大乐透  第 26045 期  预测报告
  基于历史 2862 期数据  |  生成时间: 2026-04-26 21:56:55
================================================================

----------------------------------------------------------------
线性回归
熵最大化
MLP神经网络
XGBoost
GRU序列
频率加权
遗漏值
冷热号平衡
同期历史
连号跨度
奇偶比
随机森林
贝叶斯
遗传算法

06 11 17 23 29 | 04 09
04 13 15 16 24 | 01 08
02 03 10 14 34 | 05 07
03 08 16 22 26 | 05 10
02 08 19 22 29 | 05 07
02 15 26 29 33 | 07 12
01 10 15 23 31 | 01 04
01 04 10 21 23 | 01 04
07 29 31 32 33 | 07 08
29 30 32 33 35 | 07 10
05 07 29 30 32 | 07 10
04 20 24 25 29 | 07 10
29 32 33 34 35 | 07 10
05 09 12 13 26 | 07 10

================================================================
  [!] 以上预测仅供娱乐参考，彩票开奖结果完全随机，请理性购彩。
================================================================