================================================================
  大乐透  第 26113 期  预测报告
  基于历史 2930 期数据  |  生成时间: 2026-10-01 10:00:21
================================================================

----------------------------------------------------------------
线性回归
熵最大化
MLP神经网络
XGBoost
GRU序列
冷热号平衡
同期历史
连号跨度
奇偶比
随机森林
贝叶斯
遗传算法

06 11 17 23 29 | 04 09
04 15 16 17 24 | 01 08
02 03 10 14 32 | 01 05
02 09 12 13 34 | 01 08
11 19 26 28 34 | 05 07
05 13 16 23 27 | 02 03
07 12 17 19 33 | 05 07
29 30 32 33 35 | 07 10
03 07 29 30 32 | 07 10
02 06 20 24 30 | 07 10
29 32 33 34 35 | 07 10
03 10 14 21 26 | 07 10

================================================================
  [!] 以上预测仅供娱乐参考，彩票开奖结果完全随机，请理性购彩。
================================================================