================================================================
  大乐透  第 26102 期  预测报告
  基于历史 2919 期数据  |  生成时间: 2026-09-06 10:00:19
================================================================

----------------------------------------------------------------
线性回归
熵最大化
MLP神经网络
XGBoost
GRU序列
冷热号平衡
同期历史
连号跨度
奇偶比
随机森林
贝叶斯
遗传算法

06 11 17 23 29 | 04 09
04 15 16 17 24 | 01 08
02 03 10 14 35 | 04 05
12 23 28 29 32 | 06 10
19 20 28 29 34 | 05 06
01 10 12 23 33 | 08 10
02 06 20 33 35 | 09 10
29 30 32 33 35 | 07 10
03 07 29 30 32 | 07 10
15 23 29 31 34 | 07 10
29 30 33 34 35 | 07 10
10 14 15 20 26 | 07 10

================================================================
  [!] 以上预测仅供娱乐参考，彩票开奖结果完全随机，请理性购彩。
================================================================