================================================================
  大乐透  第 26110 期  预测报告
  基于历史 2927 期数据  |  生成时间: 2026-09-24 10:00:20
================================================================

----------------------------------------------------------------
线性回归
熵最大化
MLP神经网络
XGBoost
GRU序列
冷热号平衡
同期历史
连号跨度
奇偶比
随机森林
贝叶斯
遗传算法

06 11 17 23 29 | 04 09
04 15 16 17 24 | 01 08
02 10 14 15 17 | 01 05
03 13 17 26 32 | 06 07
03 11 15 19 22 | 05 07
04 13 23 26 34 | 07 09
02 06 20 33 35 | 09 10
29 30 32 33 35 | 07 10
03 07 29 30 32 | 07 10
15 21 23 29 32 | 07 10
19 29 32 33 35 | 07 10
03 10 14 15 26 | 07 10

================================================================
  [!] 以上预测仅供娱乐参考，彩票开奖结果完全随机，请理性购彩。
================================================================