================================================================
  大乐透  第 26079 期  预测报告
  基于历史 2896 期数据  |  生成时间: 2026-07-14 10:00:24
================================================================

----------------------------------------------------------------
线性回归
熵最大化
MLP神经网络
XGBoost
GRU序列
冷热号平衡
同期历史
连号跨度
奇偶比
随机森林
贝叶斯
遗传算法

06 11 17 23 29 | 04 09
04 15 16 17 24 | 01 08
02 10 14 15 32 | 04 07
03 05 09 11 22 | 05 07
03 18 23 30 32 | 02 09
08 09 26 29 32 | 02 09
10 21 22 31 32 | 07 10
29 30 32 33 35 | 07 10
01 07 29 30 32 | 07 10
03 09 12 23 30 | 07 10
05 22 29 33 34 | 07 10
13 21 22 26 33 | 07 10

================================================================
  [!] 以上预测仅供娱乐参考，彩票开奖结果完全随机，请理性购彩。
================================================================