================================================================
  大乐透  第 26095 期  预测报告
  基于历史 2912 期数据  |  生成时间: 2026-08-20 10:00:21
================================================================

----------------------------------------------------------------
线性回归
熵最大化
MLP神经网络
XGBoost
GRU序列
冷热号平衡
同期历史
连号跨度
奇偶比
随机森林
贝叶斯
遗传算法

06 11 17 23 29 | 04 09
04 15 16 17 24 | 01 08
02 10 14 15 32 | 04 07
02 09 11 13 33 | 05 08
07 08 19 28 34 | 06 08
03 05 18 19 25 | 05 10
01 10 23 31 32 | 02 05
29 30 32 33 35 | 07 10
03 07 29 30 32 | 07 10
05 12 15 18 23 | 07 10
03 05 29 33 35 | 07 10
13 14 15 26 33 | 07 10

================================================================
  [!] 以上预测仅供娱乐参考，彩票开奖结果完全随机，请理性购彩。
================================================================