================================================================
  大乐透  第 26068 期  预测报告
  基于历史 2885 期数据  |  生成时间: 2026-06-18 10:00:19
================================================================

----------------------------------------------------------------
线性回归
熵最大化
MLP神经网络
XGBoost
GRU序列
冷热号平衡
同期历史
连号跨度
奇偶比
随机森林
贝叶斯
遗传算法

06 11 17 23 29 | 04 09
04 15 16 17 24 | 01 08
02 03 10 14 17 | 01 07
06 14 27 29 33 | 06 10
05 18 19 22 33 | 07 08
05 08 15 21 25 | 03 06
11 19 29 30 33 | 03 07
29 30 32 33 35 | 07 10
01 07 29 30 32 | 07 10
04 10 21 33 34 | 07 10
01 29 32 33 35 | 07 10
12 13 26 33 34 | 07 10

================================================================
  [!] 以上预测仅供娱乐参考，彩票开奖结果完全随机，请理性购彩。
================================================================