================================================================
  大乐透  第 26046 期  预测报告
  基于历史 2863 期数据  |  生成时间: 2026-04-28 21:36:24
================================================================

----------------------------------------------------------------
线性回归
熵最大化
MLP神经网络
XGBoost
GRU序列
频率加权
遗漏值
冷热号平衡
同期历史
连号跨度
奇偶比
随机森林
贝叶斯
遗传算法

06 11 17 23 29 | 04 09
04 13 15 16 24 | 01 08
02 03 10 14 32 | 05 07
01 12 21 26 33 | 06 07
08 19 22 26 29 | 02 07
18 21 22 32 34 | 01 08
05 10 18 23 31 | 01 05
07 23 31 32 35 | 07 09
07 29 31 32 33 | 07 08
29 30 32 33 35 | 07 10
05 07 29 30 32 | 07 10
01 07 10 18 23 | 07 10
22 29 30 33 35 | 07 10
03 09 12 13 26 | 07 10

================================================================
  [!] 以上预测仅供娱乐参考，彩票开奖结果完全随机，请理性购彩。
================================================================