================================================================
  大乐透  第 26115 期  预测报告
  基于历史 2932 期数据  |  生成时间: 2026-10-08 10:00:22
================================================================

----------------------------------------------------------------
线性回归
熵最大化
MLP神经网络
XGBoost
GRU序列
冷热号平衡
同期历史
连号跨度
奇偶比
随机森林
贝叶斯
遗传算法

06 11 17 23 29 | 04 09
04 15 16 17 24 | 01 08
02 03 10 14 34 | 04 05
07 13 17 22 23 | 05 08
11 19 26 28 34 | 05 07
01 06 10 13 23 | 02 12
07 12 17 19 33 | 05 07
29 30 32 33 35 | 07 10
03 07 29 30 32 | 07 10
16 19 23 26 35 | 07 10
03 29 32 33 35 | 07 10
03 10 14 16 26 | 07 10

================================================================
  [!] 以上预测仅供娱乐参考，彩票开奖结果完全随机，请理性购彩。
================================================================