================================================================
  大乐透  第 26063 期  预测报告
  基于历史 2880 期数据  |  生成时间: 2026-06-07 10:00:18
================================================================

----------------------------------------------------------------
线性回归
熵最大化
MLP神经网络
XGBoost
GRU序列
冷热号平衡
同期历史
连号跨度
奇偶比
随机森林
贝叶斯
遗传算法

06 11 17 23 29 | 04 09
04 15 16 17 24 | 01 08
02 10 14 15 32 | 04 07
02 09 14 16 33 | 05 07
05 22 25 28 33 | 03 07
04 12 16 24 27 | 06 07
11 19 29 30 33 | 03 07
29 30 32 33 35 | 07 10
01 07 29 30 32 | 07 10
02 03 09 13 26 | 07 10
22 29 30 33 34 | 07 10
10 12 13 26 34 | 07 10

================================================================
  [!] 以上预测仅供娱乐参考，彩票开奖结果完全随机，请理性购彩。
================================================================