================================================================
  大乐透  第 26090 期  预测报告
  基于历史 2907 期数据  |  生成时间: 2026-08-09 10:00:24
================================================================

----------------------------------------------------------------
线性回归
熵最大化
MLP神经网络
XGBoost
GRU序列
冷热号平衡
同期历史
连号跨度
奇偶比
随机森林
贝叶斯
遗传算法

06 11 17 23 29 | 04 09
04 15 16 17 24 | 01 08
02 03 10 14 17 | 05 07
08 21 22 23 32 | 08 10
02 08 12 22 27 | 06 07
04 05 14 17 31 | 05 08
01 10 23 31 32 | 02 05
29 30 32 33 35 | 07 10
03 07 29 30 32 | 07 10
03 11 18 25 30 | 07 10
22 29 30 33 35 | 07 10
13 21 24 26 27 | 07 10

================================================================
  [!] 以上预测仅供娱乐参考，彩票开奖结果完全随机，请理性购彩。
================================================================