================================================================
  大乐透  第 26043 期  预测报告
  基于历史 2860 期数据  |  生成时间: 2026-04-21 22:03:11
================================================================

----------------------------------------------------------------
线性回归
熵最大化
MLP神经网络
XGBoost
GRU序列
频率加权
遗漏值
冷热号平衡
同期历史
连号跨度
奇偶比
随机森林
贝叶斯
遗传算法

06 11 17 23 29 | 04 09
04 13 15 16 24 | 01 08
02 03 10 14 15 | 04 07
07 09 12 13 24 | 08 09
07 13 24 25 27 | 02 03
03 21 22 26 29 | 08 12
01 10 14 23 31 | 01 04
09 23 30 31 34 | 04 09
07 29 31 32 33 | 07 08
29 30 32 33 35 | 07 10
05 07 29 30 32 | 07 10
04 09 12 23 27 | 07 10
22 29 30 32 33 | 07 10
03 05 09 13 26 | 07 10

================================================================
  [!] 以上预测仅供娱乐参考，彩票开奖结果完全随机，请理性购彩。
================================================================