================================================================
  大乐透  第 26051 期  预测报告
  基于历史 2868 期数据  |  生成时间: 2026-05-10 22:22:44
================================================================

----------------------------------------------------------------
线性回归
熵最大化
MLP神经网络
XGBoost
GRU序列
频率加权
遗漏值
冷热号平衡
同期历史
连号跨度
奇偶比
随机森林
贝叶斯
遗传算法

06 11 17 23 29 | 04 09
04 13 15 16 24 | 01 08
02 03 10 14 15 | 04 10
02 12 14 21 22 | 07 10
06 11 14 16 33 | 02 05
09 11 28 29 33 | 05 10
04 05 16 30 31 | 05 09
04 07 17 24 29 | 03 09
06 10 22 25 35 | 05 10
29 30 32 33 35 | 07 10
01 07 29 30 32 | 07 10
16 24 27 28 34 | 07 10
29 30 32 33 35 | 07 10
09 12 13 23 26 | 07 10

================================================================
  [!] 以上预测仅供娱乐参考，彩票开奖结果完全随机，请理性购彩。
================================================================