================================================================
  大乐透  第 26056 期  预测报告
  基于历史 2873 期数据  |  生成时间: 2026-05-21 10:00:16
================================================================

----------------------------------------------------------------
线性回归
熵最大化
MLP神经网络
XGBoost
GRU序列
冷热号平衡
同期历史
连号跨度
奇偶比
随机森林
贝叶斯
遗传算法

06 11 17 23 29 | 04 09
04 13 15 16 24 | 01 08
02 10 14 15 17 | 05 07
13 15 16 28 32 | 08 10
01 02 09 19 33 | 03 05
05 14 22 23 30 | 07 12
06 10 22 25 35 | 05 10
29 30 32 33 35 | 07 10
01 07 29 30 32 | 07 10
07 16 18 27 32 | 07 10
22 29 32 33 35 | 07 10
09 12 13 26 33 | 07 10

================================================================
  [!] 以上预测仅供娱乐参考，彩票开奖结果完全随机，请理性购彩。
================================================================