================================================================
  大乐透  第 26044 期  预测报告
  基于历史 2861 期数据  |  生成时间: 2026-04-24 08:32:41
================================================================

----------------------------------------------------------------
线性回归
熵最大化
MLP神经网络
XGBoost
GRU序列
频率加权
遗漏值
冷热号平衡
同期历史
连号跨度
奇偶比
随机森林
贝叶斯
遗传算法

06 11 17 23 29 | 04 09
04 13 15 16 24 | 01 08
02 10 14 15 32 | 04 07
14 19 31 34 35 | 10 12
08 12 14 19 24 | 06 11
06 13 17 19 34 | 01 03
01 10 15 23 31 | 01 04
01 03 21 22 23 | 04 09
07 29 31 32 33 | 07 08
29 30 32 33 35 | 07 10
05 07 29 30 32 | 07 10
03 04 16 26 30 | 07 10
29 30 32 33 35 | 07 10
05 09 12 13 26 | 07 10

================================================================
  [!] 以上预测仅供娱乐参考，彩票开奖结果完全随机，请理性购彩。
================================================================