================================================================
  大乐透  第 26047 期  预测报告
  基于历史 2864 期数据  |  生成时间: 2026-04-29 22:09:39
================================================================

----------------------------------------------------------------
线性回归
熵最大化
MLP神经网络
XGBoost
GRU序列
频率加权
遗漏值
冷热号平衡
同期历史
连号跨度
奇偶比
随机森林
贝叶斯
遗传算法

06 11 17 23 29 | 04 09
04 15 16 17 24 | 01 08
02 03 10 14 32 | 04 07
02 09 11 27 33 | 04 09
08 13 22 29 33 | 05 07
07 09 13 34 35 | 04 11
05 10 23 30 31 | 01 05
22 23 27 28 31 | 01 08
07 29 31 32 33 | 07 08
29 30 32 33 35 | 07 10
01 07 29 30 32 | 07 10
16 17 23 29 35 | 07 10
22 29 30 32 33 | 07 10
03 09 12 13 26 | 07 10

================================================================
  [!] 以上预测仅供娱乐参考，彩票开奖结果完全随机，请理性购彩。
================================================================