================================================================
  大乐透  第 26053 期  预测报告
  基于历史 2870 期数据  |  生成时间: 2026-05-15 11:31:26
================================================================

----------------------------------------------------------------
线性回归
熵最大化
MLP神经网络
XGBoost
GRU序列
冷热号平衡
同期历史
连号跨度
奇偶比
随机森林
贝叶斯
遗传算法

06 11 17 23 29 | 04 09
04 13 15 16 24 | 01 08
02 10 14 15 17 | 04 10
07 20 25 28 33 | 01 06
04 11 16 28 33 | 02 03
02 05 09 19 34 | 01 12
06 10 22 25 35 | 05 10
29 30 32 33 35 | 07 10
01 07 29 30 32 | 07 10
12 15 17 23 25 | 07 10
29 32 33 34 35 | 07 10
12 13 23 26 33 | 07 10

================================================================
  [!] 以上预测仅供娱乐参考，彩票开奖结果完全随机，请理性购彩。
================================================================