================================================================
  大乐透  第 26087 期  预测报告
  基于历史 2904 期数据  |  生成时间: 2026-08-02 10:00:23
================================================================

----------------------------------------------------------------
线性回归
熵最大化
MLP神经网络
XGBoost
GRU序列
冷热号平衡
同期历史
连号跨度
奇偶比
随机森林
贝叶斯
遗传算法

06 11 17 23 29 | 04 09
04 15 16 17 24 | 01 08
02 10 14 15 17 | 04 07
01 03 12 21 26 | 10 11
02 03 08 11 14 | 07 11
01 03 09 17 20 | 11 12
01 10 23 31 32 | 02 05
29 30 32 33 35 | 07 10
01 07 29 30 32 | 07 10
05 06 09 14 33 | 07 10
01 29 32 33 35 | 07 10
13 20 21 26 33 | 07 10

================================================================
  [!] 以上预测仅供娱乐参考，彩票开奖结果完全随机，请理性购彩。
================================================================