================================================================
  大乐透  第 26091 期  预测报告
  基于历史 2908 期数据  |  生成时间: 2026-08-11 10:00:22
================================================================

----------------------------------------------------------------
线性回归
熵最大化
MLP神经网络
XGBoost
GRU序列
冷热号平衡
同期历史
连号跨度
奇偶比
随机森林
贝叶斯
遗传算法

06 11 17 23 29 | 04 09
04 15 16 17 24 | 01 08
02 03 10 14 17 | 05 07
01 08 22 23 29 | 07 08
08 12 19 22 26 | 07 08
03 08 10 15 20 | 04 06
01 10 23 31 32 | 02 05
29 30 32 33 35 | 07 10
03 07 29 30 32 | 07 10
04 16 30 32 35 | 07 10
29 30 32 33 34 | 07 10
13 14 24 26 27 | 07 10

================================================================
  [!] 以上预测仅供娱乐参考，彩票开奖结果完全随机，请理性购彩。
================================================================