================================================================
  大乐透  第 26077 期  预测报告
  基于历史 2894 期数据  |  生成时间: 2026-07-09 10:00:21
================================================================

----------------------------------------------------------------
线性回归
熵最大化
MLP神经网络
XGBoost
GRU序列
冷热号平衡
同期历史
连号跨度
奇偶比
随机森林
贝叶斯
遗传算法

06 11 17 23 29 | 04 09
04 15 16 17 24 | 01 08
02 03 10 14 35 | 01 04
03 09 14 23 33 | 08 12
05 18 23 30 33 | 02 04
02 09 19 27 34 | 03 04
10 21 22 31 32 | 07 10
29 30 32 33 35 | 07 10
01 07 29 30 32 | 07 10
04 05 16 19 30 | 07 10
11 22 29 33 35 | 07 10
13 21 22 26 33 | 07 10

================================================================
  [!] 以上预测仅供娱乐参考，彩票开奖结果完全随机，请理性购彩。
================================================================