================================================================
  大乐透  第 26055 期  预测报告
  基于历史 2872 期数据  |  生成时间: 2026-05-19 10:00:17
================================================================

----------------------------------------------------------------
线性回归
熵最大化
MLP神经网络
XGBoost
GRU序列
冷热号平衡
同期历史
连号跨度
奇偶比
随机森林
贝叶斯
遗传算法

06 11 17 23 29 | 04 09
04 13 15 16 24 | 01 08
02 10 14 15 17 | 05 07
16 26 28 31 33 | 01 10
02 09 19 28 33 | 03 05
06 10 19 28 32 | 01 05
06 10 22 25 35 | 05 10
29 30 32 33 35 | 07 10
01 07 29 30 32 | 07 10
01 15 16 23 29 | 07 10
22 29 32 33 35 | 07 10
12 13 23 26 33 | 07 10

================================================================
  [!] 以上预测仅供娱乐参考，彩票开奖结果完全随机，请理性购彩。
================================================================