================================================================
  大乐透  第 26049 期  预测报告
  基于历史 2866 期数据  |  生成时间: 2026-05-06 13:54:15
================================================================

----------------------------------------------------------------
线性回归
熵最大化
MLP神经网络
XGBoost
GRU序列
频率加权
遗漏值
冷热号平衡
同期历史
连号跨度
奇偶比
随机森林
贝叶斯
遗传算法

06 11 17 23 29 | 04 09
04 13 15 16 24 | 01 08
02 03 10 14 35 | 01 04
05 06 12 13 23 | 01 12
11 21 22 28 33 | 04 07
02 09 19 20 21 | 02 04
04 05 10 30 31 | 05 09
06 10 17 18 31 | 04 12
06 10 22 25 35 | 05 10
29 30 32 33 35 | 07 10
01 07 29 30 32 | 07 10
02 21 24 31 32 | 07 10
29 30 33 34 35 | 07 10
09 12 13 23 26 | 07 10

================================================================
  [!] 以上预测仅供娱乐参考，彩票开奖结果完全随机，请理性购彩。
================================================================