================================================================
  大乐透  第 26100 期  预测报告
  基于历史 2917 期数据  |  生成时间: 2026-09-01 10:00:22
================================================================

----------------------------------------------------------------
线性回归
熵最大化
MLP神经网络
XGBoost
GRU序列
冷热号平衡
同期历史
连号跨度
奇偶比
随机森林
贝叶斯
遗传算法

06 11 17 23 29 | 04 09
04 15 16 17 24 | 01 08
02 03 10 14 15 | 04 07
13 14 26 32 34 | 06 08
07 19 20 28 34 | 05 06
02 05 25 31 35 | 08 12
02 06 20 33 35 | 09 10
29 30 32 33 35 | 07 10
03 07 29 30 32 | 07 10
03 13 22 23 30 | 07 10
19 29 32 33 34 | 07 10
10 13 14 26 33 | 07 10

================================================================
  [!] 以上预测仅供娱乐参考，彩票开奖结果完全随机，请理性购彩。
================================================================