================================================================
  大乐透  第 26081 期  预测报告
  基于历史 2898 期数据  |  生成时间: 2026-07-19 10:00:26
================================================================

----------------------------------------------------------------
线性回归
熵最大化
MLP神经网络
XGBoost
GRU序列
冷热号平衡
同期历史
连号跨度
奇偶比
随机森林
贝叶斯
遗传算法

06 11 17 23 29 | 04 09
04 15 16 17 24 | 01 08
02 10 14 15 32 | 01 07
02 03 09 10 11 | 02 11
02 03 11 21 23 | 02 11
09 13 30 34 35 | 05 06
10 21 22 31 32 | 07 10
29 30 32 33 35 | 07 10
01 07 29 30 32 | 07 10
01 08 10 15 35 | 07 10
22 29 30 32 35 | 07 10
06 13 20 21 26 | 07 10

================================================================
  [!] 以上预测仅供娱乐参考，彩票开奖结果完全随机，请理性购彩。
================================================================