================================================================
  大乐透  第 26052 期  预测报告
  基于历史 2869 期数据  |  生成时间: 2026-05-12 10:42:47
================================================================

----------------------------------------------------------------
线性回归
熵最大化
MLP神经网络
XGBoost
GRU序列
频率加权
遗漏值
冷热号平衡
同期历史
连号跨度
奇偶比
随机森林
贝叶斯
遗传算法

06 11 17 23 29 | 04 09
04 13 15 16 24 | 01 08
02 03 10 14 15 | 04 10
01 09 16 26 33 | 02 07
11 16 21 28 33 | 02 07
08 21 26 30 32 | 07 11
04 05 16 30 31 | 05 09
03 05 07 20 30 | 04 12
06 10 22 25 35 | 05 10
29 30 32 33 35 | 07 10
01 07 29 30 32 | 07 10
08 10 14 26 34 | 07 10
05 19 29 33 35 | 07 10
12 13 23 26 33 | 07 10

================================================================
  [!] 以上预测仅供娱乐参考，彩票开奖结果完全随机，请理性购彩。
================================================================