================================================================
  kl8  第 2026161 期  预测报告
  基于历史 160 期数据  |  生成时间: 2026-06-20 10:00:19
================================================================

----------------------------------------------------------------
线性回归
熵最大化
MLP神经网络
XGBoost
GRU序列
冷热号平衡
同期历史
连号跨度
奇偶比
随机森林
贝叶斯
遗传算法

03 07 11 15 18 22 27 31 35 38
01 15 22 29 40 46 55 70 78 79
01 03 07 08 22 26 27 32 44 76
14 24 30 40 43 54 57 71 78 80
02 14 38 39 48 50 57 69 75 80
23 26 45 51 54 57 62 65 67 76
12 17 18 38 44 47 49 58 66 77
02 04 11 14 38 39 62 74 75 77
02 04 11 14 38 39 50 62 75 77
21 30 39 55 61 63 65 68 73 78
03 11 12 14 19 32 38 39 62 66
12 23 38 39 54 60 66 75 77 78

================================================================
  [!] 以上预测仅供娱乐参考，彩票开奖结果完全随机，请理性购彩。
================================================================