================================================================
  kl8  第 2026260 期  预测报告
  基于历史 259 期数据  |  生成时间: 2026-09-27 10:00:20
================================================================

----------------------------------------------------------------
线性回归
熵最大化
MLP神经网络
XGBoost
GRU序列
冷热号平衡
同期历史
连号跨度
奇偶比
随机森林
贝叶斯
遗传算法

03 07 11 15 19 22 26 30 34 38
01 05 22 25 40 58 68 70 78 79
01 06 07 08 26 27 42 43 53 55
05 14 31 43 46 52 61 71 77 80
02 14 38 39 48 50 57 69 75 80
03 09 11 12 14 19 23 32 37 43
04 08 29 31 50 53 54 65 73 76
02 04 12 14 20 21 33 39 51 62
02 04 11 12 14 18 33 39 51 62
03 04 14 15 21 23 38 39 72 73
02 12 14 18 27 32 33 35 51 62
21 24 28 35 36 47 51 55 61 78

================================================================
  [!] 以上预测仅供娱乐参考，彩票开奖结果完全随机，请理性购彩。
================================================================