================================================================
  kl8  第 2026227 期  预测报告
  基于历史 226 期数据  |  生成时间: 2026-08-25 10:00:22
================================================================

----------------------------------------------------------------
线性回归
熵最大化
MLP神经网络
XGBoost
GRU序列
冷热号平衡
同期历史
连号跨度
奇偶比
随机森林
贝叶斯
遗传算法

03 07 10 14 18 21 25 29 33 36
01 22 29 40 52 55 68 70 78 79
01 07 08 26 27 32 42 55 76 77
05 14 16 25 43 52 54 61 68 74
02 14 38 39 48 50 57 69 75 80
08 15 19 21 38 48 50 59 69 75
03 05 07 12 20 21 24 25 35 51
02 11 12 14 20 21 33 39 51 62
02 11 12 14 18 27 33 39 51 62
01 02 16 27 29 43 51 57 68 69
02 04 11 12 14 18 19 33 39 62
02 10 12 18 32 35 37 42 45 51

================================================================
  [!] 以上预测仅供娱乐参考，彩票开奖结果完全随机，请理性购彩。
================================================================