================================================================
  kl8  第 2026265 期  预测报告
  基于历史 264 期数据  |  生成时间: 2026-10-06 10:00:22
================================================================

----------------------------------------------------------------
线性回归
熵最大化
MLP神经网络
XGBoost
GRU序列
冷热号平衡
同期历史
连号跨度
奇偶比
随机森林
贝叶斯
遗传算法

03 07 11 15 19 22 26 30 34 38
01 05 22 25 29 40 58 68 70 79
01 03 08 18 27 43 53 55 76 77
14 16 17 36 43 48 58 63 77 80
02 14 38 39 48 50 57 69 75 80
04 12 13 26 31 38 50 52 56 69
02 04 09 31 50 53 55 62 65 73
02 04 11 12 14 20 21 33 51 62
02 04 11 12 14 18 21 33 51 62
02 09 21 35 39 50 51 52 62 70
02 04 12 14 18 21 33 35 51 61
21 28 50 51 55 61 62 65 73 78

================================================================
  [!] 以上预测仅供娱乐参考，彩票开奖结果完全随机，请理性购彩。
================================================================