================================================================
  kl8  第 2026140 期  预测报告
  基于历史 139 期数据  |  生成时间: 2026-05-30 10:00:18
================================================================

----------------------------------------------------------------
线性回归
熵最大化
MLP神经网络
XGBoost
GRU序列
冷热号平衡
同期历史
连号跨度
奇偶比
随机森林
贝叶斯
遗传算法

04 08 12 16 19 23 27 31 34 38
01 10 15 22 29 40 55 70 78 79
01 02 08 29 43 56 66 74 76 77
10 16 43 45 54 56 57 65 66 67
02 14 38 39 48 50 57 69 75 80
04 05 06 09 19 32 35 39 51 63
08 09 11 14 19 26 30 51 60 63
02 08 11 14 32 38 39 62 75 76
02 08 11 14 32 33 38 39 62 75
03 12 13 15 20 21 33 43 67 77
03 11 14 19 38 39 43 60 62 75
18 26 33 36 38 39 51 53 57 77

================================================================
  [!] 以上预测仅供娱乐参考，彩票开奖结果完全随机，请理性购彩。
================================================================