================================================================
  kl8  第 2026204 期  预测报告
  基于历史 203 期数据  |  生成时间: 2026-08-02 10:00:23
================================================================

----------------------------------------------------------------
线性回归
熵最大化
MLP神经网络
XGBoost
GRU序列
冷热号平衡
同期历史
连号跨度
奇偶比
随机森林
贝叶斯
遗传算法

03 07 11 14 19 22 26 30 34 37
15 20 22 29 36 55 68 70 78 79
01 06 07 08 15 29 43 76 77 78
14 17 30 43 46 51 54 66 69 80
02 14 38 39 48 50 57 69 75 80
03 16 31 42 43 57 61 62 66 73
02 10 12 15 27 29 32 40 42 73
02 11 12 14 27 38 39 62 74 75
02 04 11 12 14 27 33 38 39 62
05 11 12 45 52 57 61 62 65 73
02 04 11 14 33 38 39 61 69 75
02 12 27 33 39 42 44 61 69 73

================================================================
  [!] 以上预测仅供娱乐参考，彩票开奖结果完全随机，请理性购彩。
================================================================