================================================================
  kl8  第 2026150 期  预测报告
  基于历史 149 期数据  |  生成时间: 2026-06-09 10:00:17
================================================================

----------------------------------------------------------------
线性回归
熵最大化
MLP神经网络
XGBoost
GRU序列
冷热号平衡
同期历史
连号跨度
奇偶比
随机森林
贝叶斯
遗传算法

03 07 12 15 19 22 27 31 35 38
01 15 22 29 40 42 55 70 78 79
01 08 18 22 26 27 32 55 75 77
05 09 44 45 51 53 57 58 66 77
02 14 38 39 48 50 57 69 75 80
05 25 33 38 46 57 65 70 72 80
02 10 11 14 30 38 43 50 52 60
02 04 11 14 38 39 50 62 74 75
02 04 11 14 33 38 39 62 69 75
03 17 39 40 48 49 52 56 66 67
02 11 14 19 33 38 39 62 69 75
11 33 38 39 50 53 57 66 75 77

================================================================
  [!] 以上预测仅供娱乐参考，彩票开奖结果完全随机，请理性购彩。
================================================================