================================================================
  kl8  第 2026202 期  预测报告
  基于历史 201 期数据  |  生成时间: 2026-07-31 10:00:24
================================================================

----------------------------------------------------------------
线性回归
熵最大化
MLP神经网络
XGBoost
GRU序列
冷热号平衡
同期历史
连号跨度
奇偶比
随机森林
贝叶斯
遗传算法

03 07 11 14 19 22 26 30 34 37
15 22 29 36 40 55 68 70 78 79
01 06 07 08 18 27 40 43 55 77
05 18 22 31 36 48 51 69 77 80
02 14 38 39 48 50 57 69 75 80
11 13 20 31 50 53 62 66 77 78
02 06 12 18 27 32 42 45 69 75
02 11 12 14 27 33 39 62 74 75
02 04 11 12 14 27 33 38 39 62
34 42 43 46 54 56 64 65 68 72
02 11 14 27 33 38 39 62 66 69
02 12 27 39 42 44 49 61 69 73

================================================================
  [!] 以上预测仅供娱乐参考，彩票开奖结果完全随机，请理性购彩。
================================================================