================================================================
  kl8  第 2026146 期  预测报告
  基于历史 145 期数据  |  生成时间: 2026-06-05 10:00:19
================================================================

----------------------------------------------------------------
线性回归
熵最大化
MLP神经网络
XGBoost
GRU序列
冷热号平衡
同期历史
连号跨度
奇偶比
随机森林
贝叶斯
遗传算法

03 08 12 16 19 23 27 32 35 38
01 10 22 29 40 42 55 70 78 79
01 02 03 06 08 22 26 56 74 76
05 08 17 37 39 46 58 66 71 80
02 14 38 39 48 50 57 69 75 80
10 26 39 44 50 60 62 65 73 78
02 09 11 14 19 39 60 63 66 75
02 04 11 14 32 38 39 62 74 75
02 04 11 14 32 33 38 39 62 75
05 31 35 41 44 49 51 53 71 76
08 11 14 33 39 50 57 66 69 75
33 36 38 39 53 57 64 66 75 77

================================================================
  [!] 以上预测仅供娱乐参考，彩票开奖结果完全随机，请理性购彩。
================================================================