================================================================
  kl8  第 2026151 期  预测报告
  基于历史 150 期数据  |  生成时间: 2026-06-10 10:00:16
================================================================

----------------------------------------------------------------
线性回归
熵最大化
MLP神经网络
XGBoost
GRU序列
冷热号平衡
同期历史
连号跨度
奇偶比
随机森林
贝叶斯
遗传算法

03 07 12 15 19 23 27 31 35 38
01 05 15 22 29 40 42 55 70 78
01 08 18 22 26 32 55 75 76 77
05 10 36 44 45 58 61 63 66 77
02 14 38 39 48 50 57 69 75 80
05 06 18 25 46 60 62 64 70 80
02 07 11 14 19 30 38 50 60 77
02 04 11 14 38 39 50 62 74 75
02 04 11 14 33 38 39 50 62 75
09 10 20 22 29 32 43 66 67 71
02 11 14 19 33 38 52 62 75 77
11 18 27 33 38 39 53 57 75 77

================================================================
  [!] 以上预测仅供娱乐参考，彩票开奖结果完全随机，请理性购彩。
================================================================