================================================================
  kl8  第 2026267 期  预测报告
  基于历史 266 期数据  |  生成时间: 2026-10-08 10:00:22
================================================================

----------------------------------------------------------------
线性回归
熵最大化
MLP神经网络
XGBoost
GRU序列
冷热号平衡
同期历史
连号跨度
奇偶比
随机森林
贝叶斯
遗传算法

03 07 11 15 19 22 26 31 35 38
01 05 22 29 40 46 58 68 70 79
01 08 18 27 29 43 53 55 76 77
16 36 38 43 58 63 67 74 77 80
02 14 38 39 48 50 57 69 75 80
07 13 30 38 45 61 62 65 66 75
02 04 08 09 31 50 51 54 65 73
02 04 12 14 20 21 33 39 51 62
02 04 12 14 21 33 39 50 51 62
06 11 19 25 26 43 49 58 71 79
02 04 12 14 17 33 35 50 51 62
21 28 35 36 50 51 55 65 73 78

================================================================
  [!] 以上预测仅供娱乐参考，彩票开奖结果完全随机，请理性购彩。
================================================================