================================================================
  kl8  第 2026235 期  预测报告
  基于历史 234 期数据  |  生成时间: 2026-09-02 10:00:21
================================================================

----------------------------------------------------------------
线性回归
熵最大化
MLP神经网络
XGBoost
GRU序列
冷热号平衡
同期历史
连号跨度
奇偶比
随机森林
贝叶斯
遗传算法

03 07 11 15 18 22 25 30 34 37
01 22 29 40 55 65 68 70 78 79
01 03 07 08 27 46 50 76 77 78
05 14 23 39 40 43 45 58 74 80
02 14 38 39 48 50 57 69 75 80
01 08 26 31 44 46 55 72 74 80
03 07 12 21 24 28 35 36 47 51
02 11 12 14 33 39 51 62 74 75
02 11 12 14 18 33 38 39 51 62
06 10 12 23 33 34 47 58 69 78
04 12 14 18 21 27 32 33 61 62
12 21 24 28 32 42 44 45 51 67

================================================================
  [!] 以上预测仅供娱乐参考，彩票开奖结果完全随机，请理性购彩。
================================================================