================================================================
  kl8  第 2026193 期  预测报告
  基于历史 192 期数据  |  生成时间: 2026-07-22 10:00:17
================================================================

----------------------------------------------------------------
线性回归
熵最大化
MLP神经网络
XGBoost
GRU序列
冷热号平衡
同期历史
连号跨度
奇偶比
随机森林
贝叶斯
遗传算法

03 07 10 14 18 21 25 30 34 37
20 22 29 36 40 55 68 70 78 79
01 03 06 08 18 27 40 43 55 77
05 14 36 51 57 63 68 74 78 80
02 14 38 39 48 50 57 69 75 80
09 21 30 34 40 44 48 53 56 74
01 06 10 11 12 15 18 23 42 69
02 11 12 14 33 38 39 40 62 69
02 11 12 14 27 33 38 39 62 69
03 05 06 23 29 41 44 55 56 75
02 11 12 14 27 38 39 62 69 77
02 12 23 27 30 33 38 69 73 77

================================================================
  [!] 以上预测仅供娱乐参考，彩票开奖结果完全随机，请理性购彩。
================================================================