================================================================
  kl8  第 2026222 期  预测报告
  基于历史 221 期数据  |  生成时间: 2026-08-20 10:00:21
================================================================

----------------------------------------------------------------
线性回归
熵最大化
MLP神经网络
XGBoost
GRU序列
冷热号平衡
同期历史
连号跨度
奇偶比
随机森林
贝叶斯
遗传算法

03 07 10 14 18 21 25 29 33 36
22 29 36 40 55 65 68 70 78 79
01 03 06 07 22 27 29 46 55 76
14 31 39 45 55 58 61 68 74 80
02 14 38 39 48 50 57 69 75 80
07 10 11 13 16 17 30 38 57 61
05 12 18 20 21 24 25 35 41 51
02 11 12 14 33 39 51 62 74 75
02 11 12 14 18 33 38 39 51 62
13 17 20 24 52 55 56 66 67 69
02 04 11 12 14 17 33 38 39 62
02 10 12 18 21 32 42 51 59 80

================================================================
  [!] 以上预测仅供娱乐参考，彩票开奖结果完全随机，请理性购彩。
================================================================