================================================================
  kl8  第 2026155 期  预测报告
  基于历史 154 期数据  |  生成时间: 2026-06-14 10:00:18
================================================================

----------------------------------------------------------------
线性回归
熵最大化
MLP神经网络
XGBoost
GRU序列
冷热号平衡
同期历史
连号跨度
奇偶比
随机森林
贝叶斯
遗传算法

03 07 12 15 19 22 27 31 35 38
01 05 15 22 29 40 42 55 70 78
01 03 26 27 32 40 44 64 76 77
01 14 23 36 43 45 51 52 65 71
02 14 38 39 48 50 57 69 75 80
05 13 23 25 40 46 52 59 65 80
07 10 11 12 17 18 19 38 60 77
02 04 11 14 38 39 50 62 74 75
02 04 11 14 33 38 39 50 62 75
14 27 30 33 36 45 63 70 72 75
11 14 19 38 52 62 66 69 75 77
12 18 33 38 39 53 57 66 75 77

================================================================
  [!] 以上预测仅供娱乐参考，彩票开奖结果完全随机，请理性购彩。
================================================================