================================================================
  kl8  第 2026266 期  预测报告
  基于历史 265 期数据  |  生成时间: 2026-10-07 10:00:22
================================================================

----------------------------------------------------------------
线性回归
熵最大化
MLP神经网络
XGBoost
GRU序列
冷热号平衡
同期历史
连号跨度
奇偶比
随机森林
贝叶斯
遗传算法

03 07 11 15 19 22 26 30 34 38
01 05 22 29 40 46 58 68 70 79
01 08 18 27 40 43 53 55 76 77
14 16 36 40 43 48 52 58 63 80
02 14 38 39 48 50 57 69 75 80
02 17 22 23 29 38 55 69 70 78
02 04 09 31 37 50 55 62 65 73
02 04 12 14 20 21 33 39 51 62
02 04 12 14 21 33 39 50 51 62
15 29 42 43 46 47 49 52 54 76
02 12 17 21 33 35 50 51 62 76
21 28 35 50 51 55 62 65 73 78

================================================================
  [!] 以上预测仅供娱乐参考，彩票开奖结果完全随机，请理性购彩。
================================================================