================================================================
  kl8  第 2026177 期  预测报告
  基于历史 176 期数据  |  生成时间: 2026-07-06 10:00:16
================================================================

----------------------------------------------------------------
线性回归
熵最大化
MLP神经网络
XGBoost
GRU序列
冷热号平衡
同期历史
连号跨度
奇偶比
随机森林
贝叶斯
遗传算法

03 07 11 14 18 22 26 30 35 37
10 15 22 29 40 42 46 55 78 79
01 06 07 08 18 26 27 76 77 78
12 16 36 37 43 50 52 63 71 80
02 14 38 39 48 50 57 69 75 80
35 36 37 38 40 55 60 62 67 80
02 08 12 17 18 30 33 38 39 77
02 08 11 14 33 38 39 62 74 75
02 08 11 14 27 33 38 39 57 62
09 11 18 31 32 39 41 51 71 75
02 04 11 14 32 38 39 50 51 62
02 17 18 27 30 33 38 39 66 77

================================================================
  [!] 以上预测仅供娱乐参考，彩票开奖结果完全随机，请理性购彩。
================================================================