================================================================
  kl8  第 2026224 期  预测报告
  基于历史 223 期数据  |  生成时间: 2026-08-22 10:00:23
================================================================

----------------------------------------------------------------
线性回归
熵最大化
MLP神经网络
XGBoost
GRU序列
冷热号平衡
同期历史
连号跨度
奇偶比
随机森林
贝叶斯
遗传算法

03 07 10 14 18 21 25 29 33 36
15 22 29 36 40 55 68 70 78 79
01 03 07 08 15 26 27 46 55 76
14 31 40 43 45 56 58 71 74 80
02 14 38 39 48 50 57 69 75 80
05 13 15 30 42 49 64 66 70 75
02 03 05 07 18 21 24 25 35 51
02 11 12 14 33 39 51 62 74 75
02 11 12 14 18 33 38 39 51 62
02 08 10 12 17 21 29 69 74 80
02 04 11 14 21 33 38 39 51 62
02 10 12 18 21 32 35 42 51 59

================================================================
  [!] 以上预测仅供娱乐参考，彩票开奖结果完全随机，请理性购彩。
================================================================