================================================================
  kl8  第 2026171 期  预测报告
  基于历史 170 期数据  |  生成时间: 2026-06-30 10:00:19
================================================================

----------------------------------------------------------------
线性回归
熵最大化
MLP神经网络
XGBoost
GRU序列
冷热号平衡
同期历史
连号跨度
奇偶比
随机森林
贝叶斯
遗传算法

03 07 11 14 18 22 26 30 35 38
15 20 22 29 40 46 55 70 78 79
01 06 07 08 26 27 44 55 56 76
30 43 47 54 56 58 67 74 76 77
02 14 38 39 48 50 57 69 75 80
02 06 18 20 23 30 35 48 53 66
01 02 12 17 18 33 35 39 49 58
02 04 11 14 33 38 39 62 74 75
02 04 11 14 33 38 39 50 57 62
11 12 14 18 19 22 45 53 77 79
02 08 11 14 33 38 39 50 61 62
02 18 33 38 39 50 57 60 66 77

================================================================
  [!] 以上预测仅供娱乐参考，彩票开奖结果完全随机，请理性购彩。
================================================================