================================================================
  kl8  第 2026263 期  预测报告
  基于历史 262 期数据  |  生成时间: 2026-09-30 10:00:22
================================================================

----------------------------------------------------------------
线性回归
熵最大化
MLP神经网络
XGBoost
GRU序列
冷热号平衡
同期历史
连号跨度
奇偶比
随机森林
贝叶斯
遗传算法

03 07 11 15 19 22 26 30 34 38
01 05 22 25 29 40 58 68 70 79
01 06 07 08 18 27 43 55 76 77
05 14 17 36 39 43 57 63 77 80
02 14 38 39 48 50 57 69 75 80
18 21 42 54 57 58 69 71 77 78
04 08 31 35 50 53 54 65 72 73
02 04 12 14 20 21 33 39 51 62
02 04 12 14 18 21 33 39 51 62
05 22 26 32 36 37 40 51 57 60
02 12 21 27 33 39 50 51 61 62
21 28 35 44 50 51 55 61 65 78

================================================================
  [!] 以上预测仅供娱乐参考，彩票开奖结果完全随机，请理性购彩。
================================================================