================================================================
  kl8  第 2026253 期  预测报告
  基于历史 252 期数据  |  生成时间: 2026-09-20 10:00:20
================================================================

----------------------------------------------------------------
线性回归
熵最大化
MLP神经网络
XGBoost
GRU序列
冷热号平衡
同期历史
连号跨度
奇偶比
随机森林
贝叶斯
遗传算法

04 07 11 15 19 22 26 31 34 38
01 22 29 40 46 58 68 70 78 79
01 03 07 08 26 27 29 43 55 76
05 14 30 40 54 56 57 61 66 78
02 14 38 39 48 50 57 69 75 80
09 11 14 41 42 49 50 51 64 80
04 08 09 29 31 50 52 53 63 65
02 04 12 14 20 21 33 39 51 62
02 04 11 12 14 18 33 39 51 62
07 13 15 26 29 49 60 61 69 73
02 04 11 12 14 21 39 50 53 62
10 21 28 35 36 37 47 51 53 55

================================================================
  [!] 以上预测仅供娱乐参考，彩票开奖结果完全随机，请理性购彩。
================================================================