================================================================
  kl8  第 2026252 期  预测报告
  基于历史 251 期数据  |  生成时间: 2026-09-19 10:00:21
================================================================

----------------------------------------------------------------
线性回归
熵最大化
MLP神经网络
XGBoost
GRU序列
冷热号平衡
同期历史
连号跨度
奇偶比
随机森林
贝叶斯
遗传算法

04 08 11 15 19 22 26 30 34 38
01 22 29 40 46 58 68 70 78 79
01 06 07 08 18 26 27 43 53 77
05 14 30 31 40 54 56 57 61 63
02 14 25 38 39 50 57 69 75 80
09 11 17 18 27 31 32 66 67 72
04 05 08 09 29 31 53 65 73 76
02 11 12 14 20 21 33 39 51 62
02 04 11 12 14 18 33 39 51 62
03 15 20 31 33 35 56 71 75 78
02 14 17 18 28 33 39 51 61 62
10 21 28 35 37 47 51 53 55 78

================================================================
  [!] 以上预测仅供娱乐参考，彩票开奖结果完全随机，请理性购彩。
================================================================