================================================================
  kl8  第 2026134 期  预测报告
  基于历史 133 期数据  |  生成时间: 2026-05-23 22:37:38
================================================================

----------------------------------------------------------------
线性回归
熵最大化
MLP神经网络
XGBoost
GRU序列
冷热号平衡
同期历史
连号跨度
奇偶比
随机森林
贝叶斯
遗传算法

04 08 12 16 20 24 27 32 35 39
01 10 20 22 29 40 42 70 78 79
01 08 26 35 44 53 74 76 77 78
05 09 14 23 51 53 54 57 77 78
02 14 38 39 48 50 57 69 75 80
01 03 14 22 26 29 37 58 63 67
09 19 26 28 38 43 60 63 76 78
11 14 32 38 39 43 62 69 75 76
02 11 14 32 38 39 43 62 69 80
05 19 22 36 38 45 46 58 64 69
11 27 32 33 38 52 61 62 69 76
33 38 39 45 46 53 57 66 71 77

================================================================
  [!] 以上预测仅供娱乐参考，彩票开奖结果完全随机，请理性购彩。
================================================================