================================================================
  kl8  第 2026149 期  预测报告
  基于历史 148 期数据  |  生成时间: 2026-06-08 10:00:18
================================================================

----------------------------------------------------------------
线性回归
熵最大化
MLP神经网络
XGBoost
GRU序列
冷热号平衡
同期历史
连号跨度
奇偶比
随机森林
贝叶斯
遗传算法

03 08 12 15 19 23 27 31 35 38
01 15 22 29 40 42 55 70 78 79
01 02 07 08 26 41 53 72 76 78
08 30 36 40 43 44 51 57 58 66
02 14 38 39 48 50 57 69 75 80
03 05 08 23 46 53 58 65 74 80
11 14 38 39 43 50 52 60 63 66
02 04 11 14 38 39 50 62 74 75
02 11 14 33 38 39 50 62 69 75
11 17 24 29 33 39 63 64 67 78
02 04 11 14 38 39 57 62 66 69
11 18 38 39 53 57 64 66 75 77

================================================================
  [!] 以上预测仅供娱乐参考，彩票开奖结果完全随机，请理性购彩。
================================================================