================================================================
  kl8  第 2026141 期  预测报告
  基于历史 140 期数据  |  生成时间: 2026-05-31 10:00:19
================================================================

----------------------------------------------------------------
线性回归
熵最大化
MLP神经网络
XGBoost
GRU序列
冷热号平衡
同期历史
连号跨度
奇偶比
随机森林
贝叶斯
遗传算法

04 08 12 16 19 23 26 31 34 37
01 10 15 22 29 40 55 70 78 79
01 03 07 08 22 27 44 53 56 76
05 10 16 43 45 57 58 66 67 74
02 14 38 39 48 50 57 69 75 80
32 43 50 54 57 72 73 75 76 80
08 09 11 14 19 23 26 51 60 63
02 08 11 14 32 38 39 62 75 76
02 08 11 14 32 33 38 39 62 75
02 13 21 42 43 50 66 67 77 80
08 14 16 39 57 62 63 69 75 76
11 18 26 33 36 38 39 53 57 77

================================================================
  [!] 以上预测仅供娱乐参考，彩票开奖结果完全随机，请理性购彩。
================================================================