================================================================
  kl8  第 2026234 期  预测报告
  基于历史 233 期数据  |  生成时间: 2026-09-01 10:00:22
================================================================

----------------------------------------------------------------
线性回归
熵最大化
MLP神经网络
XGBoost
GRU序列
冷热号平衡
同期历史
连号跨度
奇偶比
随机森林
贝叶斯
遗传算法

03 07 11 15 18 21 25 29 33 36
01 15 22 29 40 55 68 70 78 79
01 03 06 07 08 26 27 76 77 78
05 14 39 43 45 46 57 58 66 80
02 14 38 39 48 50 57 69 75 80
04 08 14 15 20 24 29 30 51 68
03 07 10 12 21 24 28 35 47 51
02 11 12 14 33 39 51 62 74 75
02 11 12 14 18 33 38 39 51 62
14 16 19 23 38 56 60 68 72 79
02 03 12 14 18 27 32 33 39 62
12 24 28 32 35 42 44 45 51 67

================================================================
  [!] 以上预测仅供娱乐参考，彩票开奖结果完全随机，请理性购彩。
================================================================