================================================================
  kl8  第 2026250 期  预测报告
  基于历史 249 期数据  |  生成时间: 2026-09-17 10:00:22
================================================================

----------------------------------------------------------------
线性回归
熵最大化
MLP神经网络
XGBoost
GRU序列
冷热号平衡
同期历史
连号跨度
奇偶比
随机森林
贝叶斯
遗传算法

04 08 11 15 19 22 26 31 34 38
01 22 29 40 46 58 68 70 78 79
01 02 07 08 27 29 43 46 53 76
05 14 25 30 40 43 54 57 61 80
02 14 38 39 48 50 57 69 75 80
15 21 23 26 27 40 48 52 74 79
09 29 31 34 39 50 53 55 63 73
02 11 12 14 20 21 33 39 51 62
02 12 14 18 21 28 33 39 51 62
03 12 14 18 23 24 35 39 62 71
02 03 11 12 14 17 33 51 61 62
03 10 21 28 35 37 47 51 55 78

================================================================
  [!] 以上预测仅供娱乐参考，彩票开奖结果完全随机，请理性购彩。
================================================================