================================================================
  kl8  第 2026223 期  预测报告
  基于历史 222 期数据  |  生成时间: 2026-08-21 10:00:21
================================================================

----------------------------------------------------------------
线性回归
熵最大化
MLP神经网络
XGBoost
GRU序列
冷热号平衡
同期历史
连号跨度
奇偶比
随机森林
贝叶斯
遗传算法

03 07 10 14 18 21 24 29 33 36
15 22 29 36 40 55 68 70 78 79
01 03 06 07 27 46 55 76 77 78
02 14 31 45 56 57 58 61 74 80
02 14 38 39 48 50 57 69 75 80
05 29 33 38 48 50 54 63 75 76
02 05 07 12 18 21 24 25 35 51
02 11 12 14 33 39 51 62 74 75
02 11 12 14 18 33 38 39 51 62
03 17 21 28 31 33 39 42 46 79
02 11 14 17 21 27 33 38 39 62
02 10 12 18 21 32 42 51 59 80

================================================================
  [!] 以上预测仅供娱乐参考，彩票开奖结果完全随机，请理性购彩。
================================================================