================================================================
  kl8  第 2026199 期  预测报告
  基于历史 198 期数据  |  生成时间: 2026-07-28 18:00:08
================================================================

----------------------------------------------------------------
线性回归
熵最大化
MLP神经网络
XGBoost
GRU序列
冷热号平衡
同期历史
连号跨度
奇偶比
随机森林
贝叶斯
遗传算法

03 07 10 14 18 22 26 30 34 37
20 22 29 36 40 55 68 70 78 79
01 03 06 07 08 27 55 76 77 78
14 15 36 54 57 67 68 77 78 80
02 14 38 39 48 50 57 69 75 80
07 08 11 12 16 29 35 48 50 60
02 06 12 18 30 42 46 69 73 75
02 11 12 14 38 39 62 69 74 75
02 04 11 12 14 27 38 39 62 69
19 26 36 38 39 42 46 66 70 79
02 12 14 19 27 38 39 61 62 69
12 23 27 30 33 39 42 62 69 73

================================================================
  [!] 以上预测仅供娱乐参考，彩票开奖结果完全随机，请理性购彩。
================================================================