================================================================
  kl8  第 2026233 期  预测报告
  基于历史 232 期数据  |  生成时间: 2026-08-31 10:00:22
================================================================

----------------------------------------------------------------
线性回归
熵最大化
MLP神经网络
XGBoost
GRU序列
冷热号平衡
同期历史
连号跨度
奇偶比
随机森林
贝叶斯
遗传算法

03 07 11 15 18 21 25 29 33 36
01 22 29 36 40 55 68 70 78 79
01 06 08 18 22 23 27 32 42 77
05 14 31 45 46 54 56 57 66 80
02 14 38 39 48 50 57 69 75 80
01 06 07 11 14 15 32 47 74 79
03 12 20 21 24 28 33 35 41 51
02 11 12 14 33 39 51 62 74 75
02 11 12 14 18 33 38 39 51 62
15 19 26 40 46 49 62 66 72 77
02 11 12 14 27 33 38 39 45 51
10 12 24 28 32 35 42 45 51 67

================================================================
  [!] 以上预测仅供娱乐参考，彩票开奖结果完全随机，请理性购彩。
================================================================