================================================================
  kl8  第 2026172 期  预测报告
  基于历史 171 期数据  |  生成时间: 2026-07-01 10:00:17
================================================================

----------------------------------------------------------------
线性回归
熵最大化
MLP神经网络
XGBoost
GRU序列
冷热号平衡
同期历史
连号跨度
奇偶比
随机森林
贝叶斯
遗传算法

03 07 11 14 18 22 26 30 35 38
15 22 29 40 46 55 68 70 78 79
01 03 06 08 26 27 44 74 76 77
16 30 36 39 43 45 51 58 74 76
02 14 38 39 48 50 57 69 75 80
04 17 18 19 27 31 33 49 65 71
02 04 12 17 18 24 27 38 39 77
02 04 11 14 33 38 39 62 74 75
02 04 11 14 33 38 39 57 62 69
01 02 05 24 38 47 60 72 73 74
02 08 12 14 16 33 39 57 62 77
14 23 30 33 38 39 57 60 66 77

================================================================
  [!] 以上预测仅供娱乐参考，彩票开奖结果完全随机，请理性购彩。
================================================================