================================================================
  kl8  第 2026192 期  预测报告
  基于历史 191 期数据  |  生成时间: 2026-07-21 10:00:19
================================================================

----------------------------------------------------------------
线性回归
熵最大化
MLP神经网络
XGBoost
GRU序列
冷热号平衡
同期历史
连号跨度
奇偶比
随机森林
贝叶斯
遗传算法

03 07 10 14 18 22 25 30 34 37
15 20 22 29 36 40 68 70 78 79
01 03 06 07 08 18 27 40 76 77
05 14 36 43 54 57 63 64 66 80
02 14 38 39 48 50 57 69 75 80
18 20 29 41 55 56 57 66 70 71
01 02 06 11 12 23 42 45 55 69
02 11 12 14 33 38 39 40 62 69
02 11 12 14 27 33 38 39 62 69
33 38 41 43 44 62 63 64 67 73
02 11 12 14 33 38 39 57 62 77
02 12 27 30 33 38 39 69 73 77

================================================================
  [!] 以上预测仅供娱乐参考，彩票开奖结果完全随机，请理性购彩。
================================================================