================================================================
  kl8  第 2026131 期  预测报告
  基于历史 130 期数据  |  生成时间: 2026-05-21 10:00:16
================================================================

----------------------------------------------------------------
线性回归
熵最大化
MLP神经网络
XGBoost
GRU序列
冷热号平衡
同期历史
连号跨度
奇偶比
随机森林
贝叶斯
遗传算法

03 08 12 16 20 24 28 32 35 39
01 10 22 29 40 42 55 70 78 79
01 06 08 27 35 44 56 75 76 77
02 14 27 34 36 39 45 51 54 70
02 14 38 39 48 50 57 69 75 80
01 04 07 24 28 43 48 57 71 76
09 26 38 39 43 52 60 63 76 78
02 04 11 14 38 39 62 69 75 76
02 04 11 14 38 39 43 62 69 75
08 11 24 27 39 45 47 57 66 71
04 14 16 21 28 32 39 62 69 80
33 38 39 45 53 57 66 69 71 77

================================================================
  [!] 以上预测仅供娱乐参考，彩票开奖结果完全随机，请理性购彩。
================================================================