================================================================
  kl8  第 2026261 期  预测报告
  基于历史 260 期数据  |  生成时间: 2026-09-28 10:00:21
================================================================

----------------------------------------------------------------
线性回归
熵最大化
MLP神经网络
XGBoost
GRU序列
冷热号平衡
同期历史
连号跨度
奇偶比
随机森林
贝叶斯
遗传算法

03 07 11 15 19 22 26 30 34 38
01 05 22 25 40 58 68 70 78 79
01 06 07 08 18 26 27 53 55 77
05 07 14 40 43 58 62 71 77 80
02 14 38 39 48 50 57 69 75 80
02 05 08 18 27 37 41 46 47 66
02 04 08 29 31 50 53 65 73 76
02 04 12 14 20 21 33 39 51 62
02 04 12 14 18 21 33 39 51 62
03 08 15 29 41 61 65 71 75 79
02 04 12 14 18 21 33 50 61 62
08 21 28 35 36 50 51 55 61 78

================================================================
  [!] 以上预测仅供娱乐参考，彩票开奖结果完全随机，请理性购彩。
================================================================