================================================================
  kl8  第 2026132 期  预测报告
  基于历史 131 期数据  |  生成时间: 2026-05-22 10:00:21
================================================================

----------------------------------------------------------------
线性回归
熵最大化
MLP神经网络
XGBoost
GRU序列
冷热号平衡
同期历史
连号跨度
奇偶比
随机森林
贝叶斯
遗传算法

04 08 13 16 20 24 28 32 36 39
01 10 22 29 40 42 55 70 78 79
01 03 06 08 26 27 44 56 76 77
27 34 45 53 57 58 69 74 76 77
02 14 38 39 48 50 57 69 75 80
09 10 16 28 32 41 44 45 46 50
28 33 38 39 43 52 60 61 63 78
02 14 32 38 39 43 62 69 75 76
02 11 14 32 38 39 43 62 69 75
26 29 39 41 57 59 66 71 73 76
08 14 21 25 32 39 50 62 69 80
33 38 39 45 46 53 57 66 71 77

================================================================
  [!] 以上预测仅供娱乐参考，彩票开奖结果完全随机，请理性购彩。
================================================================