================================================================
  kl8  第 2026170 期  预测报告
  基于历史 169 期数据  |  生成时间: 2026-06-29 10:00:19
================================================================

----------------------------------------------------------------
线性回归
熵最大化
MLP神经网络
XGBoost
GRU序列
冷热号平衡
同期历史
连号跨度
奇偶比
随机森林
贝叶斯
遗传算法

03 07 11 14 18 22 26 31 35 38
15 20 22 29 36 40 55 70 78 79
02 03 06 08 26 27 44 55 76 78
15 30 33 36 43 45 54 69 77 80
02 14 38 39 48 50 57 69 75 80
02 16 17 34 46 47 48 51 53 69
01 12 17 18 35 39 44 49 58 66
02 04 11 14 33 38 39 62 74 75
02 04 11 14 33 38 39 50 62 69
02 03 04 11 12 13 41 54 55 70
04 11 14 38 39 54 57 62 75 77
02 38 39 50 57 60 63 66 76 77

================================================================
  [!] 以上预测仅供娱乐参考，彩票开奖结果完全随机，请理性购彩。
================================================================