================================================================
  kl8  第 2026138 期  预测报告
  基于历史 137 期数据  |  生成时间: 2026-05-28 10:00:19
================================================================

----------------------------------------------------------------
线性回归
熵最大化
MLP神经网络
XGBoost
GRU序列
冷热号平衡
同期历史
连号跨度
奇偶比
随机森林
贝叶斯
遗传算法

04 08 13 16 20 23 27 32 35 38
01 10 15 22 29 40 55 70 78 79
01 03 06 07 08 26 27 44 76 77
05 16 35 43 54 61 63 67 74 80
02 14 38 39 48 50 57 69 75 80
08 11 22 28 30 35 40 45 52 56
09 19 38 43 51 57 60 63 66 78
08 11 14 32 38 39 57 62 75 76
02 08 11 14 32 38 39 57 62 75
06 22 30 33 38 54 60 68 70 72
14 16 38 39 43 52 62 75 76 80
18 33 36 38 39 53 57 66 71 77

================================================================
  [!] 以上预测仅供娱乐参考，彩票开奖结果完全随机，请理性购彩。
================================================================