================================================================
  kl8  第 2026187 期  预测报告
  基于历史 186 期数据  |  生成时间: 2026-07-16 10:00:28
================================================================

----------------------------------------------------------------
线性回归
熵最大化
MLP神经网络
XGBoost
GRU序列
冷热号平衡
同期历史
连号跨度
奇偶比
随机森林
贝叶斯
遗传算法

03 07 10 14 18 22 26 30 35 38
15 20 22 29 36 40 55 70 78 79
01 03 06 07 08 44 55 76 77 78
05 14 51 52 54 57 63 66 74 77
02 14 38 39 48 50 57 69 75 80
11 17 27 31 36 38 50 56 76 79
01 06 10 11 12 28 30 33 42 69
02 11 14 33 38 39 62 69 74 75
02 11 12 14 33 38 39 62 69 77
05 13 36 42 54 59 61 62 63 76
02 11 12 14 33 38 39 62 69 77
02 11 12 30 33 38 39 69 73 77

================================================================
  [!] 以上预测仅供娱乐参考，彩票开奖结果完全随机，请理性购彩。
================================================================