================================================================
  kl8  第 2026208 期  预测报告
  基于历史 207 期数据  |  生成时间: 2026-08-06 10:00:23
================================================================

----------------------------------------------------------------
线性回归
熵最大化
MLP神经网络
XGBoost
GRU序列
冷热号平衡
同期历史
连号跨度
奇偶比
随机森林
贝叶斯
遗传算法

03 07 11 15 18 22 26 30 34 37
15 22 29 36 40 55 68 70 78 79
01 03 26 27 29 44 54 55 76 77
12 14 30 33 43 54 58 61 66 80
02 14 38 39 48 50 57 69 75 80
13 14 15 28 33 41 42 51 57 65
02 06 10 12 19 27 32 42 59 73
02 11 12 14 27 33 39 62 74 75
02 11 12 14 27 32 33 38 39 62
04 14 19 21 26 37 41 63 72 74
02 11 12 14 28 33 38 39 61 62
02 12 27 32 33 39 42 44 69 73

================================================================
  [!] 以上预测仅供娱乐参考，彩票开奖结果完全随机，请理性购彩。
================================================================