================================================================
  kl8  第 2026256 期  预测报告
  基于历史 255 期数据  |  生成时间: 2026-09-23 10:00:20
================================================================

----------------------------------------------------------------
线性回归
熵最大化
MLP神经网络
XGBoost
GRU序列
冷热号平衡
同期历史
连号跨度
奇偶比
随机森林
贝叶斯
遗传算法

03 07 11 15 19 22 26 31 34 38
01 05 15 22 40 58 68 70 78 79
01 03 07 26 27 40 55 72 76 77
05 14 23 30 56 58 61 66 77 80
02 14 25 38 39 50 57 69 75 80
05 06 09 17 18 29 33 35 59 69
04 08 09 18 29 31 50 52 53 65
02 04 12 14 18 20 21 39 51 62
02 04 12 14 18 21 33 39 51 62
03 06 17 19 45 49 57 60 67 69
02 12 14 18 21 27 32 33 51 62
18 21 28 36 37 41 47 51 55 78

================================================================
  [!] 以上预测仅供娱乐参考，彩票开奖结果完全随机，请理性购彩。
================================================================