================================================================
  kl8  第 2026184 期  预测报告
  基于历史 183 期数据  |  生成时间: 2026-07-13 10:00:23
================================================================

----------------------------------------------------------------
线性回归
熵最大化
MLP神经网络
XGBoost
GRU序列
冷热号平衡
同期历史
连号跨度
奇偶比
随机森林
贝叶斯
遗传算法

03 07 11 14 18 22 26 31 35 38
15 20 22 29 40 46 55 70 78 79
01 06 08 26 27 44 74 76 77 78
14 30 43 51 54 63 74 75 77 78
02 14 38 39 48 50 57 69 75 80
24 25 27 34 50 52 57 68 71 77
01 02 12 27 30 33 39 49 73 76
02 11 12 14 33 38 39 62 74 75
02 11 12 14 33 38 39 62 69 77
02 04 19 21 38 43 51 58 71 73
02 12 14 33 38 39 54 62 69 77
02 12 23 27 33 38 39 49 54 77

================================================================
  [!] 以上预测仅供娱乐参考，彩票开奖结果完全随机，请理性购彩。
================================================================