================================================================
  kl8  第 2026206 期  预测报告
  基于历史 205 期数据  |  生成时间: 2026-08-04 10:00:22
================================================================

----------------------------------------------------------------
线性回归
熵最大化
MLP神经网络
XGBoost
GRU序列
冷热号平衡
同期历史
连号跨度
奇偶比
随机森林
贝叶斯
遗传算法

03 07 11 15 18 22 26 30 34 37
15 20 22 29 36 55 68 70 78 79
01 06 07 08 29 43 55 76 77 78
14 15 25 30 45 51 58 61 66 80
02 14 38 39 48 50 57 69 75 80
03 18 37 39 45 48 51 55 57 75
02 10 12 27 29 32 40 42 59 73
02 11 12 14 27 38 39 62 74 75
02 04 11 12 14 27 33 38 39 62
08 18 23 34 42 61 67 69 71 73
02 11 12 14 19 27 38 39 62 69
02 12 27 39 42 44 46 61 69 73

================================================================
  [!] 以上预测仅供娱乐参考，彩票开奖结果完全随机，请理性购彩。
================================================================