================================================================
  kl8  第 2026230 期  预测报告
  基于历史 229 期数据  |  生成时间: 2026-08-28 10:00:21
================================================================

----------------------------------------------------------------
线性回归
熵最大化
MLP神经网络
XGBoost
GRU序列
冷热号平衡
同期历史
连号跨度
奇偶比
随机森林
贝叶斯
遗传算法

03 07 11 15 18 21 25 29 33 36
01 22 29 36 40 55 68 70 78 79
01 03 06 07 08 26 27 55 76 77
05 31 39 43 52 53 57 63 66 80
02 14 38 39 48 50 57 69 75 80
02 15 21 22 27 33 37 54 78 79
03 12 18 20 21 24 25 35 41 47
02 11 12 14 20 21 27 33 39 62
02 11 12 14 18 27 33 38 39 62
03 08 15 32 37 39 41 44 45 47
02 11 12 14 27 32 33 38 39 62
02 10 12 18 28 32 42 45 51 78

================================================================
  [!] 以上预测仅供娱乐参考，彩票开奖结果完全随机，请理性购彩。
================================================================