================================================================
  kl8  第 2026264 期  预测报告
  基于历史 263 期数据  |  生成时间: 2026-10-01 10:00:21
================================================================

----------------------------------------------------------------
线性回归
熵最大化
MLP神经网络
XGBoost
GRU序列
冷热号平衡
同期历史
连号跨度
奇偶比
随机森林
贝叶斯
遗传算法

03 07 11 15 19 22 26 30 34 38
01 05 22 25 29 40 58 68 70 79
01 07 08 18 27 29 43 53 76 77
05 14 40 43 52 57 63 74 77 80
02 14 38 39 48 50 57 69 75 80
03 19 21 33 35 46 54 55 58 63
02 04 31 50 53 55 62 65 72 73
02 04 11 12 14 20 21 33 51 62
02 04 11 12 14 18 21 33 51 62
05 33 35 40 47 52 55 67 71 75
02 04 11 12 14 17 33 51 61 62
21 28 35 47 50 51 55 61 65 78

================================================================
  [!] 以上预测仅供娱乐参考，彩票开奖结果完全随机，请理性购彩。
================================================================