================================================================
  kl8  第 2026240 期  预测报告
  基于历史 239 期数据  |  生成时间: 2026-09-07 10:00:20
================================================================

----------------------------------------------------------------
线性回归
熵最大化
MLP神经网络
XGBoost
GRU序列
冷热号平衡
同期历史
连号跨度
奇偶比
随机森林
贝叶斯
遗传算法

04 08 11 15 19 22 25 30 34 37
01 05 22 29 36 40 68 70 78 79
01 07 08 26 27 38 55 76 77 78
05 14 18 23 33 61 76 77 78 80
02 14 38 39 48 50 57 69 75 80
12 34 36 41 62 64 72 73 75 78
03 12 14 17 20 21 24 47 51 61
02 11 12 14 17 20 21 33 51 62
02 11 12 14 18 21 24 33 51 62
02 05 24 25 40 46 59 62 70 78
02 12 14 17 19 27 32 33 51 62
17 21 24 28 32 37 42 45 47 51

================================================================
  [!] 以上预测仅供娱乐参考，彩票开奖结果完全随机，请理性购彩。
================================================================