================================================================
  kl8  第 2026159 期  预测报告
  基于历史 158 期数据  |  生成时间: 2026-06-18 10:00:19
================================================================

----------------------------------------------------------------
线性回归
熵最大化
MLP神经网络
XGBoost
GRU序列
冷热号平衡
同期历史
连号跨度
奇偶比
随机森林
贝叶斯
遗传算法

03 07 11 15 18 22 26 31 35 38
01 15 22 29 40 46 55 70 78 79
01 06 08 22 26 27 32 44 76 77
14 16 35 36 39 50 63 67 74 80
02 14 38 39 48 50 57 69 75 80
18 24 25 46 54 63 67 69 79 80
01 03 07 12 17 18 38 44 49 77
02 04 11 14 38 39 62 74 75 77
02 04 11 14 38 39 50 62 75 77
10 18 19 26 30 33 39 66 68 77
02 11 14 17 18 33 38 50 75 77
10 11 12 38 39 54 57 66 75 77

================================================================
  [!] 以上预测仅供娱乐参考，彩票开奖结果完全随机，请理性购彩。
================================================================