================================================================
  kl8  第 2026241 期  预测报告
  基于历史 240 期数据  |  生成时间: 2026-09-08 10:00:20
================================================================

----------------------------------------------------------------
线性回归
熵最大化
MLP神经网络
XGBoost
GRU序列
冷热号平衡
同期历史
连号跨度
奇偶比
随机森林
贝叶斯
遗传算法

04 08 11 15 19 22 25 30 34 37
01 05 22 29 36 40 68 70 78 79
01 07 08 26 27 38 55 76 77 78
05 14 18 21 33 52 61 74 77 80
02 14 38 39 48 50 57 69 75 80
06 08 15 18 31 44 52 55 78 79
03 17 20 21 24 28 35 51 55 61
02 11 12 14 20 21 27 33 51 62
02 11 12 14 21 32 33 38 51 62
05 11 23 25 34 41 52 54 58 76
02 11 14 21 27 28 33 39 51 62
17 21 24 28 32 37 42 47 51 75

================================================================
  [!] 以上预测仅供娱乐参考，彩票开奖结果完全随机，请理性购彩。
================================================================