================================================================
  kl8  第 2026221 期  预测报告
  基于历史 220 期数据  |  生成时间: 2026-08-19 10:00:21
================================================================

----------------------------------------------------------------
线性回归
熵最大化
MLP神经网络
XGBoost
GRU序列
冷热号平衡
同期历史
连号跨度
奇偶比
随机森林
贝叶斯
遗传算法

03 07 10 14 18 21 25 29 33 36
22 29 36 40 55 65 68 70 78 79
01 03 06 07 22 26 27 55 76 78
30 31 45 46 54 55 56 57 68 74
02 14 38 39 48 50 57 69 75 80
02 06 20 37 39 44 47 51 56 78
05 07 08 12 14 20 21 24 71 80
02 11 12 14 27 33 39 62 74 75
02 04 11 12 14 27 33 38 39 62
01 08 09 14 18 29 45 51 71 77
02 11 12 14 17 18 38 39 62 69
10 11 12 32 37 42 45 51 59 80

================================================================
  [!] 以上预测仅供娱乐参考，彩票开奖结果完全随机，请理性购彩。
================================================================