================================================================
  kl8  第 2026247 期  预测报告
  基于历史 246 期数据  |  生成时间: 2026-09-14 10:00:21
================================================================

----------------------------------------------------------------
线性回归
熵最大化
MLP神经网络
XGBoost
GRU序列
冷热号平衡
同期历史
连号跨度
奇偶比
随机森林
贝叶斯
遗传算法

04 08 11 15 19 22 26 30 34 37
01 05 22 29 40 58 68 70 78 79
01 07 08 22 27 42 53 76 77 78
05 11 14 16 39 43 52 61 78 80
02 14 38 39 48 50 57 69 75 80
01 06 07 33 41 42 54 61 72 74
01 09 18 31 36 37 53 55 56 63
02 12 14 20 21 27 33 39 51 62
02 12 14 18 21 32 33 39 51 62
02 07 09 24 28 36 40 41 61 67
02 12 14 17 21 37 39 51 61 62
17 21 24 28 35 37 44 47 51 55

================================================================
  [!] 以上预测仅供娱乐参考，彩票开奖结果完全随机，请理性购彩。
================================================================