================================================================
  kl8  第 2026214 期  预测报告
  基于历史 213 期数据  |  生成时间: 2026-08-12 10:00:21
================================================================

----------------------------------------------------------------
线性回归
熵最大化
MLP神经网络
XGBoost
GRU序列
冷热号平衡
同期历史
连号跨度
奇偶比
随机森林
贝叶斯
遗传算法

03 07 10 14 18 21 25 30 34 37
20 22 29 36 40 55 68 70 78 79
01 03 06 07 22 26 27 40 44 76
14 36 43 52 54 55 57 61 63 80
02 14 38 39 48 50 57 69 75 80
11 13 19 21 25 39 42 52 68 79
02 04 10 12 18 32 37 42 45 51
02 04 11 12 14 27 39 62 74 75
02 04 11 12 14 27 33 38 39 62
02 03 09 15 23 37 38 46 49 76
11 12 14 18 27 38 39 49 51 62
02 10 12 27 32 33 37 42 46 61

================================================================
  [!] 以上预测仅供娱乐参考，彩票开奖结果完全随机，请理性购彩。
================================================================