================================================================
  kl8  第 2026249 期  预测报告
  基于历史 248 期数据  |  生成时间: 2026-09-16 10:00:22
================================================================

----------------------------------------------------------------
线性回归
熵最大化
MLP神经网络
XGBoost
GRU序列
冷热号平衡
同期历史
连号跨度
奇偶比
随机森林
贝叶斯
遗传算法

04 08 11 15 19 22 26 30 34 37
01 22 29 40 46 52 68 70 78 79
01 07 08 27 40 43 53 54 76 78
14 30 39 43 45 52 57 60 61 80
02 14 38 39 48 50 57 69 75 80
29 36 41 42 51 54 60 70 71 77
03 05 07 09 31 39 53 55 63 73
02 12 14 20 21 27 33 39 51 62
02 12 14 18 21 28 33 39 51 62
08 20 25 27 43 44 45 56 62 67
02 03 04 18 33 37 38 39 51 76
03 17 20 21 28 35 37 44 51 55

================================================================
  [!] 以上预测仅供娱乐参考，彩票开奖结果完全随机，请理性购彩。
================================================================