================================================================
  kl8  第 2026245 期  预测报告
  基于历史 244 期数据  |  生成时间: 2026-09-12 10:00:22
================================================================

----------------------------------------------------------------
线性回归
熵最大化
MLP神经网络
XGBoost
GRU序列
冷热号平衡
同期历史
连号跨度
奇偶比
随机森林
贝叶斯
遗传算法

04 08 11 15 19 22 26 30 34 37
01 05 22 29 40 58 68 70 78 79
07 08 17 27 43 53 54 56 76 78
05 11 14 21 30 39 43 54 57 80
02 14 38 39 48 50 57 69 75 80
06 08 13 19 22 31 35 40 74 80
03 17 19 20 21 28 36 41 55 68
02 11 12 14 20 21 33 39 51 62
02 04 12 14 21 32 33 39 51 62
14 15 20 23 32 38 55 59 68 75
02 12 14 17 19 21 32 33 37 62
17 21 24 28 32 37 44 51 53 55

================================================================
  [!] 以上预测仅供娱乐参考，彩票开奖结果完全随机，请理性购彩。
================================================================