================================================================
  kl8  第 2026237 期  预测报告
  基于历史 236 期数据  |  生成时间: 2026-09-04 10:00:19
================================================================

----------------------------------------------------------------
线性回归
熵最大化
MLP神经网络
XGBoost
GRU序列
冷热号平衡
同期历史
连号跨度
奇偶比
随机森林
贝叶斯
遗传算法

04 08 11 15 19 22 26 30 34 37
01 20 22 29 40 55 68 70 78 79
01 03 07 08 22 26 27 72 76 78
16 39 40 43 46 52 61 63 74 77
02 14 38 39 48 50 57 69 75 80
01 17 36 45 46 53 65 68 72 77
03 12 14 15 21 24 28 35 51 80
02 11 12 14 33 39 51 62 74 75
02 11 12 14 24 33 38 39 51 62
02 06 07 10 12 13 17 32 58 71
02 11 12 14 19 21 27 28 32 33
12 21 24 32 35 37 42 44 51 75

================================================================
  [!] 以上预测仅供娱乐参考，彩票开奖结果完全随机，请理性购彩。
================================================================