================================================================
  kl8  第 2026135 期  预测报告
  基于历史 134 期数据  |  生成时间: 2026-05-25 10:45:37
================================================================

----------------------------------------------------------------
线性回归
熵最大化
MLP神经网络
XGBoost
GRU序列
冷热号平衡
同期历史
连号跨度
奇偶比
随机森林
贝叶斯
遗传算法

04 08 13 16 20 24 27 32 35 38
01 10 22 29 40 42 55 70 78 79
01 06 07 08 26 27 44 74 76 77
01 14 23 33 43 47 62 67 77 80
[X] KL8 GRU模块加载失败: No module named
05 14 21 24 40 61 62 63 68 70
09 19 26 38 43 60 63 66 76 78
11 14 21 32 38 39 43 62 75 76
02 11 14 21 32 38 39 62 75 80
24 32 37 38 48 50 58 61 67 78
03 04 11 32 39 62 69 75 76 80
33 38 39 45 46 53 57 66 71 77

================================================================
  [!] 以上预测仅供娱乐参考，彩票开奖结果完全随机，请理性购彩。
================================================================