================================================================
  kl8  第 2026259 期  预测报告
  基于历史 258 期数据  |  生成时间: 2026-09-26 10:00:20
================================================================

----------------------------------------------------------------
线性回归
熵最大化
MLP神经网络
XGBoost
GRU序列
冷热号平衡
同期历史
连号跨度
奇偶比
随机森林
贝叶斯
遗传算法

03 07 11 15 19 22 26 30 34 38
01 05 22 25 29 40 58 68 70 79
01 06 07 08 26 27 43 53 55 77
05 14 21 43 45 58 61 66 78 80
02 14 38 39 48 50 57 69 75 80
16 21 28 29 50 52 58 61 65 70
01 02 04 08 31 50 53 65 73 76
02 04 12 14 20 21 33 39 51 62
02 04 11 12 14 18 33 39 51 62
05 09 18 29 33 47 61 62 72 80
02 12 14 17 18 37 39 51 61 62
08 21 24 28 35 47 51 55 61 78

================================================================
  [!] 以上预测仅供娱乐参考，彩票开奖结果完全随机，请理性购彩。
================================================================