================================================================
  kl8  第 2026143 期  预测报告
  基于历史 142 期数据  |  生成时间: 2026-06-02 10:00:20
================================================================

----------------------------------------------------------------
线性回归
熵最大化
MLP神经网络
XGBoost
GRU序列
冷热号平衡
同期历史
连号跨度
奇偶比
随机森林
贝叶斯
遗传算法

04 08 12 16 19 23 27 31 35 38
01 10 15 22 29 40 55 70 78 79
01 03 08 18 26 27 32 43 56 77
30 39 43 45 57 58 66 71 74 80
02 14 38 39 48 50 57 69 75 80
09 20 26 37 51 66 70 73 79 80
09 11 14 19 26 33 39 57 66 77
02 08 11 14 38 39 57 62 75 76
02 08 11 14 32 38 39 57 62 75
03 07 09 19 27 30 36 39 56 57
08 14 16 28 38 39 61 62 66 75
18 26 33 36 38 39 53 57 66 75

================================================================
  [!] 以上预测仅供娱乐参考，彩票开奖结果完全随机，请理性购彩。
================================================================