================================================================
  kl8  第 2026136 期  预测报告
  基于历史 135 期数据  |  生成时间: 2026-05-26 10:00:18
================================================================

----------------------------------------------------------------
线性回归
熵最大化
MLP神经网络
XGBoost
GRU序列
冷热号平衡
同期历史
连号跨度
奇偶比
随机森林
贝叶斯
遗传算法

04 09 13 16 20 24 28 32 35 39
01 10 15 22 29 40 55 70 78 79
01 06 08 27 44 53 66 76 77 78
08 17 46 47 53 56 63 69 74 80
[X] KL8 GRU模块加载失败: No module named
04 11 26 34 45 49 54 56 58 71
09 19 38 43 51 57 60 63 66 78
08 11 14 21 32 38 39 62 75 76
08 11 14 21 32 38 39 62 75 80
05 06 14 32 44 55 56 62 68 80
08 14 33 38 62 63 66 69 75 80
33 38 39 45 46 53 57 66 71 77

================================================================
  [!] 以上预测仅供娱乐参考，彩票开奖结果完全随机，请理性购彩。
================================================================