================================================================
  kl8  第 2026213 期  预测报告
  基于历史 212 期数据  |  生成时间: 2026-08-11 10:00:22
================================================================

----------------------------------------------------------------
线性回归
熵最大化
MLP神经网络
XGBoost
GRU序列
冷热号平衡
同期历史
连号跨度
奇偶比
随机森林
贝叶斯
遗传算法

03 07 10 14 18 21 25 30 34 37
20 22 29 36 40 55 68 70 78 79
01 03 07 08 27 40 43 55 72 76
05 14 16 36 39 46 52 57 61 80
02 14 38 39 48 50 57 69 75 80
04 24 25 32 34 36 42 51 62 69
02 04 10 12 14 32 37 42 45 51
02 04 11 12 14 27 39 62 74 75
02 04 11 12 14 27 33 38 39 62
02 18 23 38 50 51 53 55 65 75
02 04 12 14 37 38 51 62 75 77
02 12 27 32 33 37 42 45 46 73

================================================================
  [!] 以上预测仅供娱乐参考，彩票开奖结果完全随机，请理性购彩。
================================================================