================================================================
  kl8  第 2026175 期  预测报告
  基于历史 174 期数据  |  生成时间: 2026-07-04 10:00:16
================================================================

----------------------------------------------------------------
线性回归
熵最大化
MLP神经网络
XGBoost
GRU序列
冷热号平衡
同期历史
连号跨度
奇偶比
随机森林
贝叶斯
遗传算法

03 07 11 14 18 22 26 30 34 37
10 15 22 29 36 40 55 70 78 79
01 06 07 08 22 26 27 55 76 77
05 14 16 40 45 48 56 57 63 78
02 14 38 39 48 50 57 69 75 80
03 09 16 18 43 47 50 51 56 77
02 12 17 18 24 27 30 33 38 77
02 04 11 14 33 38 39 62 74 75
02 04 11 14 33 38 39 62 69 75
22 33 39 41 43 44 49 59 63 65
02 12 14 33 38 39 57 62 66 75
02 11 18 30 33 38 39 60 66 77

================================================================
  [!] 以上预测仅供娱乐参考，彩票开奖结果完全随机，请理性购彩。
================================================================