================================================================
  kl8  第 2026142 期  预测报告
  基于历史 141 期数据  |  生成时间: 2026-06-01 10:00:19
================================================================

----------------------------------------------------------------
线性回归
熵最大化
MLP神经网络
XGBoost
GRU序列
冷热号平衡
同期历史
连号跨度
奇偶比
随机森林
贝叶斯
遗传算法

04 08 12 16 19 23 27 31 34 38
01 10 15 22 29 40 55 70 78 79
01 03 06 08 18 26 27 32 43 77
39 43 45 51 57 58 63 66 74 80
02 14 38 39 48 50 57 69 75 80
06 07 11 36 37 52 64 67 74 77
09 11 19 26 31 33 39 57 66 77
02 08 11 14 32 38 39 62 74 75
02 08 11 14 32 33 38 39 62 75
13 15 19 32 42 43 52 56 60 64
02 11 14 32 33 50 57 62 69 75
11 18 33 36 38 39 53 57 66 77

================================================================
  [!] 以上预测仅供娱乐参考，彩票开奖结果完全随机，请理性购彩。
================================================================