================================================================
  kl8  第 2026168 期  预测报告
  基于历史 167 期数据  |  生成时间: 2026-06-27 10:00:18
================================================================

----------------------------------------------------------------
线性回归
熵最大化
MLP神经网络
XGBoost
GRU序列
冷热号平衡
同期历史
连号跨度
奇偶比
随机森林
贝叶斯
遗传算法

03 07 11 14 18 22 26 31 35 38
15 20 22 29 40 46 55 70 78 79
01 06 08 26 27 44 55 74 76 77
10 15 31 40 43 57 62 66 71 80
02 14 38 39 48 50 57 69 75 80
02 08 09 22 26 39 47 67 73 74
01 12 13 17 18 35 38 49 58 71
02 11 14 38 39 50 62 69 74 75
02 04 11 14 38 39 50 57 62 69
06 11 17 27 29 32 39 57 63 72
02 04 14 17 38 39 62 69 75 76
02 12 17 38 39 57 60 66 76 77

================================================================
  [!] 以上预测仅供娱乐参考，彩票开奖结果完全随机，请理性购彩。
================================================================