================================================================
  kl8  第 2026147 期  预测报告
  基于历史 146 期数据  |  生成时间: 2026-06-06 10:00:17
================================================================

----------------------------------------------------------------
线性回归
熵最大化
MLP神经网络
XGBoost
GRU序列
冷热号平衡
同期历史
连号跨度
奇偶比
随机森林
贝叶斯
遗传算法

03 08 12 16 19 23 27 32 35 38
01 10 22 29 40 42 55 70 78 79
01 03 08 26 27 32 56 64 74 76
08 37 43 44 52 57 58 61 66 80
02 14 38 39 48 50 57 69 75 80
02 05 07 08 11 21 29 32 33 50
09 14 19 38 39 60 63 66 77 78
02 04 11 14 38 39 50 62 74 75
02 04 11 14 33 38 39 50 62 75
01 02 06 52 53 57 62 71 76 78
02 11 14 33 38 39 43 52 62 80
14 27 33 38 39 53 57 66 75 77

================================================================
  [!] 以上预测仅供娱乐参考，彩票开奖结果完全随机，请理性购彩。
================================================================