================================================================
  kl8  第 2026236 期  预测报告
  基于历史 235 期数据  |  生成时间: 2026-09-03 10:00:19
================================================================

----------------------------------------------------------------
线性回归
熵最大化
MLP神经网络
XGBoost
GRU序列
冷热号平衡
同期历史
连号跨度
奇偶比
随机森林
贝叶斯
遗传算法

03 07 11 15 18 22 26 30 34 37
01 22 29 40 55 65 68 70 78 79
01 06 08 26 27 43 50 76 77 78
14 16 31 39 40 43 63 64 74 78
02 14 38 39 48 50 57 69 75 80
03 11 19 21 27 33 35 56 64 67
03 07 14 21 24 28 35 36 47 51
02 11 12 14 33 39 51 62 74 75
02 11 12 14 18 33 38 39 51 62
13 19 24 27 35 44 60 61 63 75
03 12 14 18 33 35 37 38 39 51
12 21 24 28 32 35 37 42 44 51

================================================================
  [!] 以上预测仅供娱乐参考，彩票开奖结果完全随机，请理性购彩。
================================================================