================================================================
  kl8  第 2026167 期  预测报告
  基于历史 166 期数据  |  生成时间: 2026-06-26 10:00:19
================================================================

----------------------------------------------------------------
线性回归
熵最大化
MLP神经网络
XGBoost
GRU序列
冷热号平衡
同期历史
连号跨度
奇偶比
随机森林
贝叶斯
遗传算法

03 07 11 14 18 22 27 31 35 38
15 20 22 29 40 46 55 68 78 79
01 03 06 08 27 42 44 56 74 76
08 10 14 15 45 53 57 62 66 71
02 14 38 39 48 50 57 69 75 80
04 27 33 34 45 46 49 56 77 78
01 12 17 18 35 38 39 49 58 71
02 11 14 38 39 50 62 69 74 75
02 11 14 38 39 50 57 62 69 75
05 07 09 32 60 63 68 69 73 74
04 08 14 38 39 50 57 62 69 75
02 17 38 39 60 63 66 76 77 78

================================================================
  [!] 以上预测仅供娱乐参考，彩票开奖结果完全随机，请理性购彩。
================================================================