================================================================
  kl8  第 2026178 期  预测报告
  基于历史 177 期数据  |  生成时间: 2026-07-07 10:00:19
================================================================

----------------------------------------------------------------
线性回归
熵最大化
MLP神经网络
XGBoost
GRU序列
冷热号平衡
同期历史
连号跨度
奇偶比
随机森林
贝叶斯
遗传算法

03 07 11 14 19 22 26 30 35 38
10 15 22 29 40 55 68 70 78 79
01 06 07 08 18 27 42 74 76 77
01 12 30 39 43 51 57 58 77 78
02 14 38 39 48 50 57 69 75 80
02 10 15 33 54 60 73 74 75 79
02 08 12 16 17 18 30 33 39 54
02 08 11 14 33 38 39 62 74 75
02 08 11 14 27 33 38 39 57 62
02 03 04 18 27 39 44 65 69 75
04 08 11 12 14 33 38 39 57 62
02 08 11 17 18 30 33 38 39 77

================================================================
  [!] 以上预测仅供娱乐参考，彩票开奖结果完全随机，请理性购彩。
================================================================