================================================================
  kl8  第 2026166 期  预测报告
  基于历史 165 期数据  |  生成时间: 2026-06-25 10:00:17
================================================================

----------------------------------------------------------------
线性回归
熵最大化
MLP神经网络
XGBoost
GRU序列
冷热号平衡
同期历史
连号跨度
奇偶比
随机森林
贝叶斯
遗传算法

03 07 11 14 18 22 27 31 36 39
15 20 22 29 40 46 55 70 78 79
01 02 07 08 15 27 44 55 56 76
01 05 14 29 31 39 57 61 66 71
02 14 38 39 48 50 57 69 75 80
05 07 08 12 18 25 40 51 72 79
01 12 17 18 35 38 39 44 49 58
02 04 11 14 38 39 62 69 74 75
02 04 11 14 38 39 50 57 62 69
04 12 19 30 32 41 45 54 63 76
02 11 14 33 38 39 50 57 62 69
18 19 38 39 57 60 63 66 77 78

================================================================
  [!] 以上预测仅供娱乐参考，彩票开奖结果完全随机，请理性购彩。
================================================================