================================================================
  kl8  第 2026190 期  预测报告
  基于历史 189 期数据  |  生成时间: 2026-07-19 10:00:26
================================================================

----------------------------------------------------------------
线性回归
熵最大化
MLP神经网络
XGBoost
GRU序列
冷热号平衡
同期历史
连号跨度
奇偶比
随机森林
贝叶斯
遗传算法

03 07 10 14 18 22 25 30 34 37
15 22 29 36 40 46 55 70 78 79
01 03 06 08 18 27 74 76 77 78
05 14 16 36 51 53 54 63 77 78
02 14 38 39 48 50 57 69 75 80
04 14 15 23 31 37 41 49 75 80
01 06 11 12 18 25 33 42 55 69
02 11 14 33 38 39 62 69 74 75
02 11 12 14 27 33 38 39 62 69
09 24 36 44 46 48 54 60 63 72
02 11 14 33 38 39 62 66 69 77
11 12 27 30 33 35 38 39 69 77

================================================================
  [!] 以上预测仅供娱乐参考，彩票开奖结果完全随机，请理性购彩。
================================================================