================================================================
  kl8  第 2026258 期  预测报告
  基于历史 257 期数据  |  生成时间: 2026-09-25 10:00:19
================================================================

----------------------------------------------------------------
线性回归
熵最大化
MLP神经网络
XGBoost
GRU序列
冷热号平衡
同期历史
连号跨度
奇偶比
随机森林
贝叶斯
遗传算法

03 07 11 15 19 22 26 30 34 38
01 05 22 25 40 58 68 70 78 79
01 03 06 07 08 26 27 53 55 76
05 14 21 30 45 57 58 66 78 80
02 14 38 39 48 50 57 69 75 80
04 13 29 35 40 42 63 68 69 73
01 02 04 08 09 31 53 65 73 76
02 04 12 14 20 21 33 39 51 62
02 04 11 12 14 18 33 39 51 62
05 36 44 50 56 57 65 66 68 78
02 12 14 21 33 38 39 51 62 66
08 21 28 35 37 47 51 55 65 78

================================================================
  [!] 以上预测仅供娱乐参考，彩票开奖结果完全随机，请理性购彩。
================================================================