================================================================
  kl8  第 2026164 期  预测报告
  基于历史 163 期数据  |  生成时间: 2026-06-23 10:00:16
================================================================

----------------------------------------------------------------
线性回归
熵最大化
MLP神经网络
XGBoost
GRU序列
冷热号平衡
同期历史
连号跨度
奇偶比
随机森林
贝叶斯
遗传算法

03 07 11 15 18 22 27 31 36 39
01 15 20 22 29 40 46 55 78 79
01 06 08 22 26 27 42 44 56 76
01 04 10 31 43 52 57 67 71 78
02 14 38 39 48 50 57 69 75 80
03 07 09 18 31 43 45 53 76 78
12 17 18 35 37 38 44 49 58 71
02 11 14 38 39 50 62 69 74 75
02 04 11 14 38 39 50 62 69 75
15 20 26 32 39 51 66 71 75 78
02 04 14 38 39 50 57 62 69 77
11 12 18 38 39 57 60 66 77 78

================================================================
  [!] 以上预测仅供娱乐参考，彩票开奖结果完全随机，请理性购彩。
================================================================