================================================================
  kl8  第 2026133 期  预测报告
  基于历史 132 期数据  |  生成时间: 2026-05-23 10:02:18
================================================================

----------------------------------------------------------------
线性回归
熵最大化
MLP神经网络
XGBoost
GRU序列
冷热号平衡
同期历史
连号跨度
奇偶比
随机森林
贝叶斯
遗传算法

04 08 13 16 20 24 28 32 35 39
01 10 22 29 40 42 55 70 78 79
01 03 06 07 08 26 27 64 76 77
01 10 27 29 34 43 45 54 57 74
02 14 38 39 48 50 57 69 75 80
07 08 23 32 35 37 40 52 57 62
09 19 28 33 38 39 43 52 63 78
11 14 32 38 39 43 62 69 75 76
02 04 11 14 32 38 39 43 62 69
03 19 21 25 29 35 52 58 62 69
04 25 38 39 43 50 52 57 62 69
33 36 38 39 45 46 53 57 71 77

================================================================
  [!] 以上预测仅供娱乐参考，彩票开奖结果完全随机，请理性购彩。
================================================================