================================================================
  kl8  第 2026219 期  预测报告
  基于历史 218 期数据  |  生成时间: 2026-08-17 10:00:24
================================================================

----------------------------------------------------------------
线性回归
熵最大化
MLP神经网络
XGBoost
GRU序列
冷热号平衡
同期历史
连号跨度
奇偶比
随机森林
贝叶斯
遗传算法

03 07 10 14 18 21 25 29 33 36
05 22 36 40 55 65 68 70 78 79
01 03 06 07 22 26 27 40 55 76
14 23 39 40 43 48 54 65 68 80
02 14 38 39 48 50 57 69 75 80
13 14 32 49 51 53 59 66 68 69
07 08 12 14 18 21 24 37 71 78
02 11 12 14 27 33 39 62 74 75
02 04 11 12 14 18 27 33 39 62
05 13 19 27 31 32 42 51 64 76
02 04 11 12 14 24 38 39 62 76
11 12 18 27 32 37 42 45 51 59

================================================================
  [!] 以上预测仅供娱乐参考，彩票开奖结果完全随机，请理性购彩。
================================================================