================================================================
  kl8  第 2026251 期  预测报告
  基于历史 250 期数据  |  生成时间: 2026-09-18 10:00:22
================================================================

----------------------------------------------------------------
线性回归
熵最大化
MLP神经网络
XGBoost
GRU序列
冷热号平衡
同期历史
连号跨度
奇偶比
随机森林
贝叶斯
遗传算法

04 08 11 15 19 22 26 31 34 38
01 22 29 40 46 58 68 70 78 79
01 07 08 18 27 29 40 43 53 76
05 14 30 40 45 54 61 63 71 78
02 14 38 39 48 50 57 69 75 80
02 06 11 27 28 40 58 69 74 75
04 05 08 09 29 31 34 53 65 73
02 11 12 14 20 21 33 39 51 62
02 04 12 14 18 21 33 39 51 62
01 10 12 14 16 36 39 41 66 79
02 14 17 21 33 39 51 61 62 69
03 10 21 28 36 37 51 53 55 78

================================================================
  [!] 以上预测仅供娱乐参考，彩票开奖结果完全随机，请理性购彩。
================================================================