================================================================
  kl8  第 2026231 期  预测报告
  基于历史 230 期数据  |  生成时间: 2026-08-29 10:00:23
================================================================

----------------------------------------------------------------
线性回归
熵最大化
MLP神经网络
XGBoost
GRU序列
冷热号平衡
同期历史
连号跨度
奇偶比
随机森林
贝叶斯
遗传算法

03 07 11 14 18 21 25 29 33 36
01 22 29 36 40 52 55 68 70 79
01 07 08 27 38 42 50 76 77 78
05 11 26 30 43 52 57 58 66 80
02 14 38 39 48 50 57 69 75 80
02 06 08 14 20 29 52 59 73 76
03 20 21 24 28 33 35 41 47 51
02 11 12 14 20 21 33 39 51 62
02 11 12 14 27 33 38 39 51 62
06 10 12 25 28 32 43 49 57 73
02 03 11 12 14 21 33 38 51 62
10 12 18 28 32 35 42 45 51 78

================================================================
  [!] 以上预测仅供娱乐参考，彩票开奖结果完全随机，请理性购彩。
================================================================