================================================================
  kl8  第 2026268 期  预测报告
  基于历史 267 期数据  |  生成时间: 2026-10-09 10:00:22
================================================================

----------------------------------------------------------------
线性回归
熵最大化
MLP神经网络
XGBoost
GRU序列
冷热号平衡
同期历史
连号跨度
奇偶比
随机森林
贝叶斯
遗传算法

03 07 11 15 19 22 26 31 35 38
01 05 22 29 40 46 58 68 70 79
01 02 03 06 08 18 27 43 76 77
16 18 23 27 30 34 36 43 71 80
02 14 38 39 48 50 57 69 75 80
27 29 33 44 58 59 62 69 71 73
02 04 08 09 31 35 50 54 65 73
02 04 12 14 20 21 33 39 51 62
02 04 12 14 21 33 39 50 51 62
07 18 31 33 39 58 65 66 73 78
02 12 17 21 33 50 51 61 62 66
09 35 50 51 54 55 61 62 65 73

================================================================
  [!] 以上预测仅供娱乐参考，彩票开奖结果完全随机，请理性购彩。
================================================================