================================================================
  kl8  第 2026162 期  预测报告
  基于历史 161 期数据  |  生成时间: 2026-06-21 10:00:17
================================================================

----------------------------------------------------------------
线性回归
熵最大化
MLP神经网络
XGBoost
GRU序列
冷热号平衡
同期历史
连号跨度
奇偶比
随机森林
贝叶斯
遗传算法

03 07 11 15 19 22 27 31 36 39
01 15 22 29 40 46 55 70 78 79
01 03 08 22 26 27 32 44 55 76
05 10 14 24 31 43 54 71 76 80
02 14 38 39 48 50 57 69 75 80
14 16 25 32 33 40 45 51 59 78
12 17 18 23 35 38 44 49 58 77
02 04 11 14 38 39 50 62 74 75
02 04 11 14 38 39 50 62 69 75
01 05 10 16 21 38 42 55 65 70
02 03 04 11 14 38 39 62 75 77
12 17 23 38 39 57 60 66 77 78

================================================================
  [!] 以上预测仅供娱乐参考，彩票开奖结果完全随机，请理性购彩。
================================================================