================================================================
  kl8  第 2026239 期  预测报告
  基于历史 238 期数据  |  生成时间: 2026-09-06 10:00:19
================================================================

----------------------------------------------------------------
线性回归
熵最大化
MLP神经网络
XGBoost
GRU序列
冷热号平衡
同期历史
连号跨度
奇偶比
随机森林
贝叶斯
遗传算法

03 07 11 15 18 22 25 30 34 37
01 22 29 40 55 65 68 70 78 79
01 07 08 26 27 38 55 76 77 78
05 14 18 23 40 46 48 54 76 77
02 14 38 39 48 50 57 69 75 80
11 18 23 26 30 41 51 60 68 72
03 12 14 15 21 24 35 47 51 80
02 11 12 14 20 21 33 39 51 62
02 11 12 14 18 21 24 33 51 62
03 07 11 21 38 49 51 68 71 80
02 12 14 19 24 27 33 51 62 77
12 17 21 24 32 35 37 42 47 51

================================================================
  [!] 以上预测仅供娱乐参考，彩票开奖结果完全随机，请理性购彩。
================================================================