================================================================
  kl8  第 2026148 期  预测报告
  基于历史 147 期数据  |  生成时间: 2026-06-07 10:00:18
================================================================

----------------------------------------------------------------
线性回归
熵最大化
MLP神经网络
XGBoost
GRU序列
冷热号平衡
同期历史
连号跨度
奇偶比
随机森林
贝叶斯
遗传算法

03 08 12 16 19 23 27 31 35 38
01 15 22 29 40 42 55 70 78 79
01 07 08 26 27 29 41 44 56 76
08 39 42 43 44 52 55 58 74 80
02 14 38 39 48 50 57 69 75 80
18 21 23 36 39 48 50 67 76 78
09 14 38 39 50 52 60 63 66 77
02 04 11 14 38 39 50 62 74 75
02 04 11 14 33 38 39 50 62 75
17 24 30 40 53 55 57 63 73 76
02 08 11 14 21 28 38 39 62 75
11 18 38 39 52 53 57 66 75 77

================================================================
  [!] 以上预测仅供娱乐参考，彩票开奖结果完全随机，请理性购彩。
================================================================