================================================================
  kl8  第 2026246 期  预测报告
  基于历史 245 期数据  |  生成时间: 2026-09-13 10:00:24
================================================================

----------------------------------------------------------------
线性回归
熵最大化
MLP神经网络
XGBoost
GRU序列
冷热号平衡
同期历史
连号跨度
奇偶比
随机森林
贝叶斯
遗传算法

04 08 11 15 19 22 26 30 34 37
01 05 22 29 40 58 68 70 78 79
07 08 22 26 27 40 42 53 54 78
05 11 14 16 23 39 52 57 62 80
02 14 38 39 48 50 57 69 75 80
03 16 32 47 52 53 55 59 61 76
01 04 07 09 15 36 37 53 55 63
02 12 14 20 21 27 33 39 51 62
02 12 14 18 21 32 33 39 51 62
02 04 05 17 21 52 53 62 64 67
02 03 12 14 21 27 33 39 51 62
17 21 24 28 32 36 37 44 51 55

================================================================
  [!] 以上预测仅供娱乐参考，彩票开奖结果完全随机，请理性购彩。
================================================================