================================================================
  kl8  第 2026130 期  预测报告
  基于历史 129 期数据  |  生成时间: 2026-05-20 10:00:16
================================================================

----------------------------------------------------------------
线性回归
熵最大化
MLP神经网络
XGBoost
GRU序列
冷热号平衡
同期历史
连号跨度
奇偶比
随机森林
贝叶斯
遗传算法

03 08 12 16 20 24 28 32 35 39
01 10 22 29 40 42 55 70 78 79
01 02 03 06 08 27 35 53 76 77
01 02 05 34 36 39 43 54 61 67
02 14 38 39 48 50 57 69 75 80
08 15 34 45 50 63 66 68 75 77
09 38 39 43 47 51 60 63 76 78
04 11 14 38 39 43 62 69 75 76
04 11 14 38 39 43 62 69 75 80
04 11 14 20 24 32 34 39 52 67
11 14 28 32 34 39 43 62 69 76
33 38 39 45 46 53 57 66 69 77

================================================================
  [!] 以上预测仅供娱乐参考，彩票开奖结果完全随机，请理性购彩。
================================================================