================================================================
  kl8  第 2026232 期  预测报告
  基于历史 231 期数据  |  生成时间: 2026-08-30 10:00:22
================================================================

----------------------------------------------------------------
线性回归
熵最大化
MLP神经网络
XGBoost
GRU序列
冷热号平衡
同期历史
连号跨度
奇偶比
随机森林
贝叶斯
遗传算法

03 07 11 15 18 21 25 29 33 36
01 22 29 36 40 55 68 70 78 79
01 08 27 32 38 43 50 72 77 78
31 43 45 56 57 58 61 63 66 80
02 14 38 39 48 50 57 69 75 80
08 10 13 14 28 30 33 43 69 71
03 12 20 21 24 28 33 35 41 51
02 11 12 14 33 39 51 62 74 75
02 11 12 14 18 33 38 39 51 62
08 10 12 19 27 31 32 35 48 49
02 12 17 18 19 27 32 33 51 62
10 12 21 24 28 32 42 45 51 78

================================================================
  [!] 以上预测仅供娱乐参考，彩票开奖结果完全随机，请理性购彩。
================================================================