================================================================
  kl8  第 2026238 期  预测报告
  基于历史 237 期数据  |  生成时间: 2026-09-05 10:00:20
================================================================

----------------------------------------------------------------
线性回归
熵最大化
MLP神经网络
XGBoost
GRU序列
冷热号平衡
同期历史
连号跨度
奇偶比
随机森林
贝叶斯
遗传算法

04 08 11 15 19 22 26 30 34 37
01 22 29 40 52 55 68 70 78 79
01 03 07 08 26 27 44 76 77 78
18 31 38 40 43 46 52 54 74 80
02 14 38 39 48 50 57 69 75 80
05 09 26 29 31 44 45 52 59 63
03 14 15 21 24 28 35 37 51 80
02 11 12 14 20 21 33 39 51 62
02 11 12 14 18 21 24 33 51 62
01 08 11 19 23 33 57 61 71 80
02 12 14 18 19 21 27 33 51 62
17 21 24 29 32 35 37 42 44 51

================================================================
  [!] 以上预测仅供娱乐参考，彩票开奖结果完全随机，请理性购彩。
================================================================