================================================================
  kl8  第 2026194 期  预测报告
  基于历史 193 期数据  |  生成时间: 2026-07-23 10:00:18
================================================================

----------------------------------------------------------------
线性回归
熵最大化
MLP神经网络
XGBoost
GRU序列
冷热号平衡
同期历史
连号跨度
奇偶比
随机森林
贝叶斯
遗传算法

03 07 10 14 18 22 26 30 34 37
20 22 29 36 40 55 68 70 78 79
01 07 08 18 27 29 40 43 55 78
14 30 31 33 43 51 63 67 78 80
02 14 38 39 48 50 57 69 75 80
05 07 09 16 28 38 39 62 71 75
01 03 06 10 11 12 15 18 42 69
02 11 14 33 38 39 62 69 74 75
02 11 12 14 27 33 38 39 62 69
08 17 20 39 41 45 53 54 75 77
02 04 18 21 33 38 39 62 75 77
12 27 30 33 38 42 62 69 73 77

================================================================
  [!] 以上预测仅供娱乐参考，彩票开奖结果完全随机，请理性购彩。
================================================================