================================================================
  kl8  第 2026152 期  预测报告
  基于历史 151 期数据  |  生成时间: 2026-06-11 10:00:17
================================================================

----------------------------------------------------------------
线性回归
熵最大化
MLP神经网络
XGBoost
GRU序列
冷热号平衡
同期历史
连号跨度
奇偶比
随机森林
贝叶斯
遗传算法

03 07 11 15 19 22 27 31 35 38
01 05 15 20 22 29 40 55 70 78
01 08 18 22 27 41 44 54 56 74
10 36 43 51 58 61 62 63 66 71
02 14 38 39 48 50 57 69 75 80
03 05 07 11 21 25 46 60 66 80
07 09 10 11 14 19 30 38 60 77
02 04 11 14 38 39 50 62 74 75
02 04 11 14 33 38 39 50 62 75
18 22 26 34 51 57 63 76 77 79
02 11 14 18 38 39 50 52 62 69
18 27 33 38 39 53 57 66 75 77

================================================================
  [!] 以上预测仅供娱乐参考，彩票开奖结果完全随机，请理性购彩。
================================================================