================================================================
  kl8  第 2026145 期  预测报告
  基于历史 144 期数据  |  生成时间: 2026-06-04 10:00:18
================================================================

----------------------------------------------------------------
线性回归
熵最大化
MLP神经网络
XGBoost
GRU序列
冷热号平衡
同期历史
连号跨度
奇偶比
随机森林
贝叶斯
遗传算法

03 08 12 16 19 23 27 32 35 38
01 10 15 22 29 40 55 70 78 79
01 06 08 22 27 43 53 74 76 77
16 35 37 39 43 57 58 60 63 66
02 14 38 39 48 50 57 69 75 80
13 28 46 49 51 63 69 75 76 80
09 11 14 39 57 60 63 66 75 77
02 04 11 14 38 39 57 62 75 76
02 04 08 11 14 38 39 57 62 75
04 20 23 28 37 38 49 52 58 79
02 08 11 14 16 39 57 62 75 76
11 18 30 33 39 53 57 75 76 77

================================================================
  [!] 以上预测仅供娱乐参考，彩票开奖结果完全随机，请理性购彩。
================================================================