================================================================
  kl8  第 2026217 期  预测报告
  基于历史 216 期数据  |  生成时间: 2026-08-15 10:00:23
================================================================

----------------------------------------------------------------
线性回归
熵最大化
MLP神经网络
XGBoost
GRU序列
冷热号平衡
同期历史
连号跨度
奇偶比
随机森林
贝叶斯
遗传算法

03 07 11 14 18 21 25 29 34 37
05 22 29 36 40 55 68 70 78 79
01 03 06 07 22 26 27 40 55 76
14 39 43 46 54 65 68 74 76 80
02 14 38 39 48 50 57 69 75 80
06 11 13 33 43 61 65 68 73 79
08 12 14 21 24 25 37 42 45 71
02 04 11 12 14 27 39 62 74 75
02 04 11 12 14 27 32 33 39 62
17 20 23 26 35 44 47 53 57 61
02 04 12 14 18 28 32 33 39 62
02 12 27 32 33 37 42 44 45 51

================================================================
  [!] 以上预测仅供娱乐参考，彩票开奖结果完全随机，请理性购彩。
================================================================