================================================================
  kl8  第 2026211 期  预测报告
  基于历史 210 期数据  |  生成时间: 2026-08-09 10:00:24
================================================================

----------------------------------------------------------------
线性回归
熵最大化
MLP神经网络
XGBoost
GRU序列
冷热号平衡
同期历史
连号跨度
奇偶比
随机森林
贝叶斯
遗传算法

03 07 11 14 18 21 25 30 34 37
20 22 29 36 40 55 68 70 78 79
01 06 08 26 27 40 44 55 76 77
05 14 30 36 40 46 54 55 61 63
02 14 38 39 48 50 57 69 75 80
23 25 32 39 43 52 54 62 71 76
02 04 06 10 12 17 32 42 45 51
02 11 12 14 27 38 39 62 74 75
02 04 11 12 14 27 33 38 39 62
01 02 05 09 10 50 51 54 66 80
02 04 11 12 14 32 37 38 39 62
02 12 27 32 33 39 42 46 51 73

================================================================
  [!] 以上预测仅供娱乐参考，彩票开奖结果完全随机，请理性购彩。
================================================================