================================================================
  kl8  第 2026185 期  预测报告
  基于历史 184 期数据  |  生成时间: 2026-07-14 10:00:24
================================================================

----------------------------------------------------------------
线性回归
熵最大化
MLP神经网络
XGBoost
GRU序列
冷热号平衡
同期历史
连号跨度
奇偶比
随机森林
贝叶斯
遗传算法

03 07 10 14 18 22 26 30 35 38
15 20 22 29 40 46 55 70 78 79
01 06 08 26 27 44 74 76 77 78
05 14 30 31 43 51 53 54 63 78
02 14 38 39 48 50 57 69 75 80
07 13 15 22 43 47 63 69 70 74
01 02 09 12 33 39 49 69 73 76
02 11 14 33 38 39 62 69 74 75
02 11 12 14 33 38 39 62 69 77
01 34 38 40 42 51 56 58 71 76
02 11 14 38 39 54 57 62 69 77
02 11 12 30 33 38 39 49 73 77

================================================================
  [!] 以上预测仅供娱乐参考，彩票开奖结果完全随机，请理性购彩。
================================================================