================================================================
  kl8  第 2026189 期  预测报告
  基于历史 188 期数据  |  生成时间: 2026-07-18 10:00:23
================================================================

----------------------------------------------------------------
线性回归
熵最大化
MLP神经网络
XGBoost
GRU序列
冷热号平衡
同期历史
连号跨度
奇偶比
随机森林
贝叶斯
遗传算法

03 07 10 14 18 22 26 30 34 37
15 22 29 36 40 46 55 70 78 79
01 03 06 08 18 26 27 76 77 78
05 14 16 46 51 54 63 74 77 78
02 14 38 39 48 50 57 69 75 80
11 13 17 33 40 57 71 73 77 78
01 03 04 06 11 12 25 33 65 69
02 11 14 33 38 39 62 69 74 75
02 11 12 14 27 33 38 39 62 69
01 04 08 12 15 31 54 58 62 78
02 11 12 14 27 33 38 39 62 77
02 11 12 27 30 33 38 39 69 77

================================================================
  [!] 以上预测仅供娱乐参考，彩票开奖结果完全随机，请理性购彩。
================================================================