================================================================
  kl8  第 2026139 期  预测报告
  基于历史 138 期数据  |  生成时间: 2026-05-29 10:00:20
================================================================

----------------------------------------------------------------
线性回归
熵最大化
MLP神经网络
XGBoost
GRU序列
冷热号平衡
同期历史
连号跨度
奇偶比
随机森林
贝叶斯
遗传算法

04 08 13 16 20 23 27 31 35 38
01 10 15 22 29 40 55 70 78 79
01 02 03 08 27 43 44 53 76 77
02 05 16 36 54 57 63 71 74 77
02 14 38 39 48 50 57 69 75 80
19 21 22 23 30 37 44 54 62 73
08 09 19 33 38 43 51 57 60 63
02 08 11 14 32 38 39 62 75 76
02 08 11 14 32 33 38 39 62 75
01 13 23 24 45 46 48 72 75 80
14 16 19 25 28 32 38 39 43 62
18 26 33 36 38 39 45 53 57 77

================================================================
  [!] 以上预测仅供娱乐参考，彩票开奖结果完全随机，请理性购彩。
================================================================