================================================================
  kl8  第 2026244 期  预测报告
  基于历史 243 期数据  |  生成时间: 2026-09-11 10:00:22
================================================================

----------------------------------------------------------------
线性回归
熵最大化
MLP神经网络
XGBoost
GRU序列
冷热号平衡
同期历史
连号跨度
奇偶比
随机森林
贝叶斯
遗传算法

04 08 11 15 19 22 26 30 34 37
01 05 22 29 40 58 68 70 78 79
06 07 08 27 53 54 55 76 77 78
05 11 14 21 23 31 39 54 66 80
02 14 38 39 48 50 57 69 75 80
03 05 06 13 26 34 45 54 76 80
03 17 20 21 28 36 41 51 55 68
02 11 12 14 20 21 33 39 51 62
02 12 14 18 21 32 33 39 51 62
12 13 14 17 27 28 34 37 59 79
02 12 18 19 21 27 32 33 38 62
17 21 24 32 35 37 44 47 51 55

================================================================
  [!] 以上预测仅供娱乐参考，彩票开奖结果完全随机，请理性购彩。
================================================================