================================================================
  kl8  第 2026153 期  预测报告
  基于历史 152 期数据  |  生成时间: 2026-06-12 10:00:18
================================================================

----------------------------------------------------------------
线性回归
熵最大化
MLP神经网络
XGBoost
GRU序列
冷热号平衡
同期历史
连号跨度
奇偶比
随机森林
贝叶斯
遗传算法

03 07 11 15 19 22 27 31 35 38
01 05 15 20 22 29 40 55 70 78
01 03 06 07 08 22 26 27 56 74
05 06 24 30 36 43 51 53 58 61
02 14 38 39 48 50 57 69 75 80
05 09 25 41 46 52 54 62 72 80
10 11 14 23 30 38 43 47 60 77
02 04 11 14 38 39 50 62 74 75
02 03 04 11 14 38 39 50 62 75
14 15 19 38 52 53 58 60 75 77
04 11 14 38 39 50 52 60 62 77
11 27 33 38 39 53 57 66 75 77

================================================================
  [!] 以上预测仅供娱乐参考，彩票开奖结果完全随机，请理性购彩。
================================================================