================================================================
  kl8  第 2026165 期  预测报告
  基于历史 164 期数据  |  生成时间: 2026-06-24 10:00:17
================================================================

----------------------------------------------------------------
线性回归
熵最大化
MLP神经网络
XGBoost
GRU序列
冷热号平衡
同期历史
连号跨度
奇偶比
随机森林
贝叶斯
遗传算法

03 07 11 15 18 22 26 31 35 39
15 20 22 29 40 46 55 70 78 79
01 03 06 07 08 22 42 44 56 74
01 14 29 35 36 39 43 51 57 71
02 14 38 39 48 50 57 69 75 80
15 19 34 37 51 59 61 68 70 73
01 12 17 18 38 44 49 58 69 71
02 04 11 14 38 39 62 69 74 75
02 04 11 14 38 39 50 62 69 75
14 26 30 50 51 52 66 74 77 80
02 11 14 38 39 43 62 69 75 76
18 30 38 39 57 60 63 66 77 78

================================================================
  [!] 以上预测仅供娱乐参考，彩票开奖结果完全随机，请理性购彩。
================================================================