================================================================
  kl8  第 2026182 期  预测报告
  基于历史 181 期数据  |  生成时间: 2026-07-11 10:00:24
================================================================

----------------------------------------------------------------
线性回归
熵最大化
MLP神经网络
XGBoost
GRU序列
冷热号平衡
同期历史
连号跨度
奇偶比
随机森林
贝叶斯
遗传算法

03 07 11 15 19 22 26 31 35 38
15 22 29 40 46 55 68 70 78 79
01 06 08 26 27 35 42 76 77 78
15 40 45 51 55 57 60 74 78 80
02 14 38 39 48 50 57 69 75 80
15 31 32 33 36 52 54 56 59 80
01 12 16 27 30 33 35 39 44 49
02 11 12 14 33 38 39 62 74 75
02 11 12 14 27 33 38 39 62 77
02 07 11 14 26 29 46 56 60 73
02 11 14 16 19 33 38 39 62 69
02 12 19 27 30 33 38 39 54 77

================================================================
  [!] 以上预测仅供娱乐参考，彩票开奖结果完全随机，请理性购彩。
================================================================