================================================================
  kl8  第 2026186 期  预测报告
  基于历史 185 期数据  |  生成时间: 2026-07-15 10:00:26
================================================================

----------------------------------------------------------------
线性回归
熵最大化
MLP神经网络
XGBoost
GRU序列
冷热号平衡
同期历史
连号跨度
奇偶比
随机森林
贝叶斯
遗传算法

03 07 10 14 18 22 26 30 35 38
15 20 22 29 40 46 55 70 78 79
01 03 06 08 27 46 74 76 77 78
05 14 31 43 51 53 54 58 63 75
02 14 38 39 48 50 57 69 75 80
09 12 25 28 30 35 57 61 70 76
01 06 10 12 33 42 48 66 69 73
02 11 14 33 38 39 62 69 74 75
02 11 12 14 33 38 39 62 69 77
03 05 10 16 25 31 34 37 44 52
02 04 11 14 33 39 62 66 69 77
02 11 12 30 33 38 39 69 73 77

================================================================
  [!] 以上预测仅供娱乐参考，彩票开奖结果完全随机，请理性购彩。
================================================================