================================================================
  kl8  第 2026203 期  预测报告
  基于历史 202 期数据  |  生成时间: 2026-08-01 10:00:23
================================================================

----------------------------------------------------------------
线性回归
熵最大化
MLP神经网络
XGBoost
GRU序列
冷热号平衡
同期历史
连号跨度
奇偶比
随机森林
贝叶斯
遗传算法

03 07 11 14 18 22 26 30 34 37
15 22 29 36 40 55 68 70 78 79
01 07 08 18 27 29 40 43 55 76
05 14 30 46 51 53 54 57 69 80
02 14 38 39 48 50 57 69 75 80
12 18 29 31 38 41 42 43 56 68
02 12 15 27 29 30 32 42 59 73
02 11 12 14 27 33 39 62 74 75
02 04 11 12 14 27 33 38 39 62
14 21 22 23 30 35 76 78 79 80
02 11 12 14 27 39 54 62 66 69
12 27 33 39 42 44 49 61 69 73

================================================================
  [!] 以上预测仅供娱乐参考，彩票开奖结果完全随机，请理性购彩。
================================================================