================================================================
  kl8  第 2026269 期  预测报告
  基于历史 268 期数据  |  生成时间: 2026-10-10 10:00:21
================================================================

----------------------------------------------------------------
线性回归
熵最大化
MLP神经网络
XGBoost
GRU序列
冷热号平衡
同期历史
连号跨度
奇偶比
随机森林
贝叶斯
遗传算法

03 07 11 15 19 22 26 31 35 38
01 05 22 25 29 40 58 68 70 79
01 02 06 07 08 27 46 76 77 78
12 18 23 30 33 36 43 67 76 80
02 14 38 39 48 50 57 69 75 80
02 06 11 27 35 45 52 58 69 71
02 04 08 09 31 35 50 54 65 73
02 04 12 14 20 21 33 35 51 62
02 04 12 14 21 33 35 50 51 62
11 22 24 25 50 53 73 78 79 80
02 04 12 14 18 21 33 51 62 73
31 35 36 50 51 54 55 61 65 73

================================================================
  [!] 以上预测仅供娱乐参考，彩票开奖结果完全随机，请理性购彩。
================================================================