================================================================
  kl8  第 2026160 期  预测报告
  基于历史 159 期数据  |  生成时间: 2026-06-19 10:00:17
================================================================

----------------------------------------------------------------
线性回归
熵最大化
MLP神经网络
XGBoost
GRU序列
冷热号平衡
同期历史
连号跨度
奇偶比
随机森林
贝叶斯
遗传算法

03 07 11 15 18 22 26 31 35 38
01 15 22 29 40 46 55 70 78 79
01 08 22 26 27 32 44 55 76 78
14 33 35 36 39 57 63 74 78 80
02 14 38 39 48 50 57 69 75 80
07 14 25 27 46 62 67 77 78 80
12 17 18 38 44 49 58 66 71 77
02 04 11 14 38 39 62 74 75 77
02 04 11 14 38 39 50 62 75 77
14 16 18 21 32 33 44 59 63 76
11 14 17 33 38 39 51 62 75 77
10 12 27 38 39 54 57 66 75 77

================================================================
  [!] 以上预测仅供娱乐参考，彩票开奖结果完全随机，请理性购彩。
================================================================