================================================================
  kl8  第 2026129 期  预测报告
  基于历史 128 期数据  |  生成时间: 2026-05-19 10:00:17
================================================================

----------------------------------------------------------------
线性回归
熵最大化
MLP神经网络
XGBoost
GRU序列
冷热号平衡
同期历史
连号跨度
奇偶比
随机森林
贝叶斯
遗传算法

03 08 12 16 20 24 28 32 35 39
01 10 22 29 40 42 55 70 78 79
01 02 06 08 15 27 44 56 75 76
01 02 05 14 34 35 37 44 61 67
02 14 38 39 48 50 57 69 75 80
04 05 08 09 16 20 40 56 65 78
38 39 43 47 51 60 61 63 76 78
04 11 14 38 39 62 69 75 76 80
02 04 11 14 38 39 62 69 75 80
20 21 24 42 46 54 69 75 77 80
02 14 25 38 39 57 61 62 69 75
33 38 39 45 46 53 57 66 69 77

================================================================
  [!] 以上预测仅供娱乐参考，彩票开奖结果完全随机，请理性购彩。
================================================================