================================================================
  kl8  第 2026209 期  预测报告
  基于历史 208 期数据  |  生成时间: 2026-08-07 10:00:23
================================================================

----------------------------------------------------------------
线性回归
熵最大化
MLP神经网络
XGBoost
GRU序列
冷热号平衡
同期历史
连号跨度
奇偶比
随机森林
贝叶斯
遗传算法

03 07 11 15 18 22 26 30 34 37
15 22 29 36 40 55 68 70 78 79
01 06 08 26 27 29 44 55 76 77
14 30 33 54 58 61 63 66 74 80
02 14 38 39 48 50 57 69 75 80
16 17 30 34 38 39 52 54 58 68
02 06 10 12 27 29 32 42 59 73
02 11 12 14 27 38 39 62 74 75
02 11 12 14 27 33 38 39 62 69
03 04 05 06 12 23 27 31 58 65
02 04 11 12 14 33 38 39 62 75
02 12 27 32 33 39 42 44 61 73

================================================================
  [!] 以上预测仅供娱乐参考，彩票开奖结果完全随机，请理性购彩。
================================================================