================================================================
  kl8  第 2026191 期  预测报告
  基于历史 190 期数据  |  生成时间: 2026-07-20 10:00:31
================================================================

----------------------------------------------------------------
线性回归
熵最大化
MLP神经网络
XGBoost
GRU序列
冷热号平衡
同期历史
连号跨度
奇偶比
随机森林
贝叶斯
遗传算法

03 07 10 14 18 22 26 30 34 37
15 22 29 36 40 55 68 70 78 79
01 03 06 07 08 27 42 54 55 56
05 14 20 36 51 54 66 77 78 80
02 14 38 39 48 50 57 69 75 80
03 25 41 49 56 57 70 72 77 80
01 03 06 10 11 12 18 23 42 69
02 11 12 14 33 38 39 40 62 69
02 11 12 14 27 33 38 39 62 69
04 13 26 34 43 52 54 57 60 69
02 11 12 14 33 38 39 57 62 69
02 11 12 27 30 33 38 39 69 77

================================================================
  [!] 以上预测仅供娱乐参考，彩票开奖结果完全随机，请理性购彩。
================================================================