================================================================
  kl8  第 2026242 期  预测报告
  基于历史 241 期数据  |  生成时间: 2026-09-09 10:00:21
================================================================

----------------------------------------------------------------
线性回归
熵最大化
MLP神经网络
XGBoost
GRU序列
冷热号平衡
同期历史
连号跨度
奇偶比
随机森林
贝叶斯
遗传算法

04 08 11 15 18 22 26 30 34 37
01 05 22 29 40 46 68 70 78 79
07 08 22 27 42 53 54 76 77 78
05 14 21 32 39 43 45 61 74 80
02 14 38 39 48 50 57 69 75 80
10 15 30 32 60 65 67 75 76 78
03 15 17 19 21 28 36 51 55 61
02 11 12 14 20 21 27 33 51 62
02 11 12 14 18 21 32 33 51 62
02 05 11 12 21 23 46 51 58 71
11 12 14 18 19 21 37 39 62 66
17 19 21 24 28 32 37 42 47 51

================================================================
  [!] 以上预测仅供娱乐参考，彩票开奖结果完全随机，请理性购彩。
================================================================