================================================================
  kl8  第 2026201 期  预测报告
  基于历史 200 期数据  |  生成时间: 2026-07-30 10:00:24
================================================================

----------------------------------------------------------------
线性回归
熵最大化
MLP神经网络
XGBoost
GRU序列
冷热号平衡
同期历史
连号跨度
奇偶比
随机森林
贝叶斯
遗传算法

03 07 11 15 19 22 26 30 34 37
15 20 22 29 36 40 68 70 78 79
01 06 08 18 27 29 40 43 55 76
05 14 33 36 62 67 69 71 77 80
02 14 38 39 48 50 57 69 75 80
10 31 33 34 42 44 54 58 64 75
02 04 06 12 18 27 29 42 69 75
02 11 12 14 27 33 39 62 74 75
02 04 11 12 14 27 33 38 39 62
07 23 27 30 31 39 41 46 47 70
02 11 12 14 18 27 33 39 62 69
12 27 30 33 39 42 44 49 69 73

================================================================
  [!] 以上预测仅供娱乐参考，彩票开奖结果完全随机，请理性购彩。
================================================================