================================================================
  kl8  第 2026144 期  预测报告
  基于历史 143 期数据  |  生成时间: 2026-06-03 10:00:18
================================================================

----------------------------------------------------------------
线性回归
熵最大化
MLP神经网络
XGBoost
GRU序列
冷热号平衡
同期历史
连号跨度
奇偶比
随机森林
贝叶斯
遗传算法

04 08 12 16 19 23 27 31 35 38
01 10 15 22 29 40 55 70 78 79
01 03 06 07 08 32 43 44 53 76
35 42 43 45 56 58 61 66 71 72
02 14 38 39 48 50 57 69 75 80
06 08 14 27 32 52 54 56 57 75
09 11 14 19 33 39 57 60 66 77
02 08 11 14 38 39 57 62 75 76
02 08 11 14 32 38 39 57 62 75
08 09 12 16 17 24 33 52 58 78
11 14 32 38 39 43 60 62 64 76
11 18 26 33 38 39 53 57 75 77

================================================================
  [!] 以上预测仅供娱乐参考，彩票开奖结果完全随机，请理性购彩。
================================================================