================================================================
  kl8  第 2026181 期  预测报告
  基于历史 180 期数据  |  生成时间: 2026-07-10 10:00:20
================================================================

----------------------------------------------------------------
线性回归
熵最大化
MLP神经网络
XGBoost
GRU序列
冷热号平衡
同期历史
连号跨度
奇偶比
随机森林
贝叶斯
遗传算法

03 07 11 14 18 22 26 30 35 38
10 15 22 29 40 55 68 70 78 79
06 07 08 26 27 41 44 56 76 78
05 09 26 30 43 51 63 65 66 78
02 14 38 39 48 50 57 69 75 80
10 14 19 40 41 52 65 66 69 76
01 12 16 27 33 35 39 44 49 73
02 11 14 27 33 38 39 62 74 75
02 11 14 27 33 38 39 54 62 77
07 09 11 19 22 44 45 61 73 76
02 12 14 27 33 38 50 62 69 77
02 12 19 27 30 33 38 39 54 77

================================================================
  [!] 以上预测仅供娱乐参考，彩票开奖结果完全随机，请理性购彩。
================================================================