================================================================
  kl8  第 2026215 期  预测报告
  基于历史 214 期数据  |  生成时间: 2026-08-13 10:00:22
================================================================

----------------------------------------------------------------
线性回归
熵最大化
MLP神经网络
XGBoost
GRU序列
冷热号平衡
同期历史
连号跨度
奇偶比
随机森林
贝叶斯
遗传算法

03 07 10 14 18 21 25 30 34 37
05 22 29 36 40 55 68 70 78 79
01 03 06 07 22 26 27 40 55 76
14 22 23 31 43 46 54 68 77 80
02 14 38 39 48 50 57 69 75 80
13 14 22 30 44 54 58 60 65 71
02 04 10 12 18 32 37 42 45 51
02 04 11 12 14 27 39 62 74 75
02 04 11 12 14 27 32 33 39 62
09 22 37 39 49 51 65 69 77 78
02 04 12 14 27 32 33 38 62 77
02 12 27 32 33 37 42 51 61 73

================================================================
  [!] 以上预测仅供娱乐参考，彩票开奖结果完全随机，请理性购彩。
================================================================