================================================================
  kl8  第 2026225 期  预测报告
  基于历史 224 期数据  |  生成时间: 2026-08-23 10:00:23
================================================================

----------------------------------------------------------------
线性回归
熵最大化
MLP神经网络
XGBoost
GRU序列
冷热号平衡
同期历史
连号跨度
奇偶比
随机森林
贝叶斯
遗传算法

03 07 10 14 18 21 25 29 33 36
22 29 36 40 52 55 68 70 78 79
01 06 07 08 15 27 29 46 55 76
14 26 31 32 40 46 58 71 74 80
02 14 38 39 48 50 57 69 75 80
02 03 19 30 34 38 40 50 64 66
02 03 05 18 20 21 24 25 35 51
02 11 12 14 33 39 51 62 74 75
02 11 12 14 18 33 38 39 51 62
08 09 12 13 19 32 39 63 71 77
02 11 12 14 18 24 37 39 51 62
02 10 12 29 32 35 42 45 51 59

================================================================
  [!] 以上预测仅供娱乐参考，彩票开奖结果完全随机，请理性购彩。
================================================================