================================================================
  kl8  第 2026229 期  预测报告
  基于历史 228 期数据  |  生成时间: 2026-08-27 10:00:22
================================================================

----------------------------------------------------------------
线性回归
熵最大化
MLP神经网络
XGBoost
GRU序列
冷热号平衡
同期历史
连号跨度
奇偶比
随机森林
贝叶斯
遗传算法

03 07 10 14 18 21 25 29 33 36
01 22 29 36 40 55 68 70 78 79
01 07 08 26 27 42 55 56 76 77
05 31 39 53 54 57 66 72 74 80
02 14 38 39 48 50 57 69 75 80
03 18 19 22 24 49 56 57 61 63
03 12 18 20 21 24 25 28 35 41
02 11 12 14 20 21 27 33 39 62
02 11 12 14 18 27 33 39 51 62
01 07 11 12 14 34 44 50 60 73
02 03 04 11 12 14 18 21 62 77
02 10 12 18 28 32 35 42 45 51

================================================================
  [!] 以上预测仅供娱乐参考，彩票开奖结果完全随机，请理性购彩。
================================================================