================================================================
  kl8  第 2026262 期  预测报告
  基于历史 261 期数据  |  生成时间: 2026-09-29 10:00:23
================================================================

----------------------------------------------------------------
线性回归
熵最大化
MLP神经网络
XGBoost
GRU序列
冷热号平衡
同期历史
连号跨度
奇偶比
随机森林
贝叶斯
遗传算法

03 07 11 15 19 22 26 30 34 38
01 05 22 25 29 40 58 68 70 79
01 06 08 26 27 40 53 55 64 77
05 14 36 38 40 43 58 63 77 80
02 14 38 39 48 50 57 69 75 80
02 13 16 17 18 22 46 76 77 78
01 04 08 31 35 50 53 65 73 76
02 04 12 14 20 21 33 39 51 62
02 04 12 14 18 21 33 39 51 62
06 07 13 18 21 22 67 69 71 73
02 12 14 18 21 33 37 51 62 66
21 28 35 36 50 51 55 61 76 78

================================================================
  [!] 以上预测仅供娱乐参考，彩票开奖结果完全随机，请理性购彩。
================================================================