================================================================
  kl8  第 2026212 期  预测报告
  基于历史 211 期数据  |  生成时间: 2026-08-10 10:00:21
================================================================

----------------------------------------------------------------
线性回归
熵最大化
MLP神经网络
XGBoost
GRU序列
冷热号平衡
同期历史
连号跨度
奇偶比
随机森林
贝叶斯
遗传算法

03 07 10 14 18 21 25 30 34 37
15 22 29 36 40 55 68 70 78 79
01 06 07 08 22 26 27 44 55 76
05 16 36 40 43 46 52 55 61 80
02 14 38 39 48 50 57 69 75 80
02 09 20 26 32 44 51 53 61 64
02 04 10 12 17 27 32 42 45 51
02 04 11 12 14 27 39 62 74 75
02 04 11 12 14 27 33 38 39 62
02 15 27 38 49 50 54 72 73 79
02 04 12 14 18 33 38 39 62 69
02 12 27 32 33 37 42 51 59 73

================================================================
  [!] 以上预测仅供娱乐参考，彩票开奖结果完全随机，请理性购彩。
================================================================