================================================================
  kl8  第 2026254 期  预测报告
  基于历史 253 期数据  |  生成时间: 2026-09-21 10:00:21
================================================================

----------------------------------------------------------------
线性回归
熵最大化
MLP神经网络
XGBoost
GRU序列
冷热号平衡
同期历史
连号跨度
奇偶比
随机森林
贝叶斯
遗传算法

04 07 11 15 19 22 26 31 34 38
01 05 13 22 40 58 68 70 78 79
01 07 08 26 27 40 46 53 55 76
05 14 21 30 39 40 56 58 63 66
02 14 38 39 48 50 57 69 75 80
01 08 14 15 38 50 62 74 75 76
04 08 09 29 31 41 50 51 53 65
02 04 12 14 20 21 33 39 51 62
02 04 11 12 14 18 33 39 51 62
05 27 28 30 35 48 53 56 65 69
02 04 12 14 17 33 39 51 62 77
21 28 36 37 41 47 51 53 55 65

================================================================
  [!] 以上预测仅供娱乐参考，彩票开奖结果完全随机，请理性购彩。
================================================================