================================================================
  kl8  第 2026216 期  预测报告
  基于历史 215 期数据  |  生成时间: 2026-08-14 10:00:21
================================================================

----------------------------------------------------------------
线性回归
熵最大化
MLP神经网络
XGBoost
GRU序列
冷热号平衡
同期历史
连号跨度
奇偶比
随机森林
贝叶斯
遗传算法

03 07 10 14 18 21 25 29 34 37
05 22 29 36 40 55 68 70 78 79
01 06 07 22 27 29 40 43 55 76
26 31 43 46 52 54 57 65 68 80
02 14 38 39 48 50 57 69 75 80
06 10 14 35 54 56 57 60 72 80
01 08 12 14 21 37 51 60 61 71
02 04 11 12 14 27 39 62 74 75
02 04 11 12 14 27 32 33 39 62
02 06 37 42 58 60 65 71 72 73
02 12 14 33 37 38 39 51 62 66
02 12 27 32 33 37 42 45 51 61

================================================================
  [!] 以上预测仅供娱乐参考，彩票开奖结果完全随机，请理性购彩。
================================================================