================================================================
  kl8  第 2026174 期  预测报告
  基于历史 173 期数据  |  生成时间: 2026-07-03 10:00:17
================================================================

----------------------------------------------------------------
线性回归
熵最大化
MLP神经网络
XGBoost
GRU序列
冷热号平衡
同期历史
连号跨度
奇偶比
随机森林
贝叶斯
遗传算法

03 07 11 14 18 22 26 30 35 37
10 15 22 29 36 40 55 70 78 79
01 08 18 26 27 40 55 74 76 77
15 25 39 40 45 57 58 67 69 77
02 14 38 39 48 50 57 69 75 80
14 43 51 52 54 57 62 63 74 75
02 04 12 17 24 27 30 33 38 77
02 04 11 14 33 38 39 62 74 75
02 04 11 14 27 33 38 39 62 75
07 12 13 21 33 36 40 42 51 56
02 08 14 27 33 38 39 62 66 69
12 17 30 33 38 39 47 60 66 77

================================================================
  [!] 以上预测仅供娱乐参考，彩票开奖结果完全随机，请理性购彩。
================================================================