================================================================
  kl8  第 2026176 期  预测报告
  基于历史 175 期数据  |  生成时间: 2026-07-05 10:00:16
================================================================

----------------------------------------------------------------
线性回归
熵最大化
MLP神经网络
XGBoost
GRU序列
冷热号平衡
同期历史
连号跨度
奇偶比
随机森林
贝叶斯
遗传算法

03 07 11 14 18 22 26 30 34 37
10 15 22 29 40 42 55 70 78 79
01 07 08 18 26 27 40 41 76 77
02 05 12 37 43 48 52 63 70 78
02 14 38 39 48 50 57 69 75 80
05 06 20 41 43 50 59 61 62 66
02 12 17 18 27 30 38 44 54 77
02 04 11 14 33 38 39 62 74 75
02 04 11 14 27 33 38 39 62 69
11 12 20 22 24 26 56 57 65 66
02 04 11 14 16 38 39 50 62 66
02 11 27 30 33 38 39 60 66 77

================================================================
  [!] 以上预测仅供娱乐参考，彩票开奖结果完全随机，请理性购彩。
================================================================