================================================================
  kl8  第 2026226 期  预测报告
  基于历史 225 期数据  |  生成时间: 2026-08-24 10:00:23
================================================================

----------------------------------------------------------------
线性回归
熵最大化
MLP神经网络
XGBoost
GRU序列
冷热号平衡
同期历史
连号跨度
奇偶比
随机森林
贝叶斯
遗传算法

03 07 10 14 18 21 25 29 33 36
22 29 36 40 52 55 68 70 78 79
01 06 07 22 27 46 54 55 76 78
05 14 16 25 36 48 52 61 68 80
02 14 38 39 48 50 57 69 75 80
03 09 13 23 33 51 54 57 60 61
03 05 07 12 20 21 24 25 35 51
02 11 12 14 20 21 33 39 51 62
02 11 12 14 18 27 33 39 51 62
07 21 26 34 40 45 63 67 70 71
02 11 12 14 18 24 32 33 51 62
02 10 12 29 32 35 42 51 59 73

================================================================
  [!] 以上预测仅供娱乐参考，彩票开奖结果完全随机，请理性购彩。
================================================================