================================================================
  kl8  第 2026255 期  预测报告
  基于历史 254 期数据  |  生成时间: 2026-09-22 10:00:21
================================================================

----------------------------------------------------------------
线性回归
熵最大化
MLP神经网络
XGBoost
GRU序列
冷热号平衡
同期历史
连号跨度
奇偶比
随机森林
贝叶斯
遗传算法

04 07 11 15 19 22 26 31 34 38
01 05 15 22 40 58 68 70 78 79
01 07 08 18 26 27 40 46 50 55
05 14 26 30 40 43 56 58 66 80
02 14 25 38 39 50 57 69 75 80
08 26 33 36 42 44 52 56 75 78
04 08 09 29 31 50 53 62 65 73
02 04 12 14 20 21 33 39 51 62
02 04 12 14 18 21 33 39 51 62
01 08 33 43 45 46 52 65 68 80
02 04 12 14 17 18 33 50 51 62
21 28 36 37 41 47 51 53 55 78

================================================================
  [!] 以上预测仅供娱乐参考，彩票开奖结果完全随机，请理性购彩。
================================================================