================================================================
  kl8  第 2026180 期  预测报告
  基于历史 179 期数据  |  生成时间: 2026-07-09 10:00:21
================================================================

----------------------------------------------------------------
线性回归
熵最大化
MLP神经网络
XGBoost
GRU序列
冷热号平衡
同期历史
连号跨度
奇偶比
随机森林
贝叶斯
遗传算法

03 07 11 15 18 22 26 30 35 37
15 22 29 40 42 55 68 70 78 79
06 07 08 27 32 42 44 56 76 78
09 10 16 30 37 51 57 77 78 80
02 14 38 39 48 50 57 69 75 80
05 12 14 22 27 40 59 62 67 68
08 12 16 27 33 35 39 44 49 54
02 11 14 27 33 38 39 62 74 75
02 11 14 27 33 38 39 54 62 69
03 07 09 11 17 26 32 48 65 71
02 11 12 14 38 39 54 57 62 77
02 12 19 27 30 33 38 39 54 77

================================================================
  [!] 以上预测仅供娱乐参考，彩票开奖结果完全随机，请理性购彩。
================================================================