================================================================
  kl8  第 2026188 期  预测报告
  基于历史 187 期数据  |  生成时间: 2026-07-17 10:00:24
================================================================

----------------------------------------------------------------
线性回归
熵最大化
MLP神经网络
XGBoost
GRU序列
冷热号平衡
同期历史
连号跨度
奇偶比
随机森林
贝叶斯
遗传算法

03 07 10 14 18 22 26 30 34 38
15 20 22 29 36 40 55 70 78 79
01 03 06 07 08 26 27 44 77 78
14 16 51 53 54 57 63 74 77 78
02 14 38 39 48 50 57 69 75 80
06 12 17 21 33 49 51 72 75 79
01 03 06 09 10 11 12 15 33 69
02 11 14 33 38 39 62 69 74 75
02 11 12 14 33 38 39 62 69 77
19 22 24 35 36 43 48 49 54 78
02 04 11 14 33 39 62 66 69 77
02 10 11 12 30 33 38 39 69 77

================================================================
  [!] 以上预测仅供娱乐参考，彩票开奖结果完全随机，请理性购彩。
================================================================