================================================================
  kl8  第 2026156 期  预测报告
  基于历史 155 期数据  |  生成时间: 2026-06-15 10:00:18
================================================================

----------------------------------------------------------------
线性回归
熵最大化
MLP神经网络
XGBoost
GRU序列
冷热号平衡
同期历史
连号跨度
奇偶比
随机森林
贝叶斯
遗传算法

03 07 12 15 19 22 26 31 35 38
01 05 15 22 29 40 46 55 70 78
01 03 08 26 27 32 44 72 76 77
01 14 46 51 53 55 63 66 69 77
02 14 38 39 48 50 57 69 75 80
03 04 05 25 38 40 46 52 65 80
01 03 07 10 12 17 18 44 49 59
02 04 11 14 38 39 50 62 74 75
02 04 11 14 33 38 39 50 62 75
07 13 23 37 42 44 52 64 75 77
14 38 39 50 57 62 64 66 75 77
10 18 33 38 39 53 57 66 75 77

================================================================
  [!] 以上预测仅供娱乐参考，彩票开奖结果完全随机，请理性购彩。
================================================================