================================================================
  kl8  第 2026243 期  预测报告
  基于历史 242 期数据  |  生成时间: 2026-09-10 10:00:21
================================================================

----------------------------------------------------------------
线性回归
熵最大化
MLP神经网络
XGBoost
GRU序列
冷热号平衡
同期历史
连号跨度
奇偶比
随机森林
贝叶斯
遗传算法

04 08 11 15 19 22 26 30 34 37
01 05 22 29 40 46 68 70 78 79
06 07 08 17 27 54 69 76 77 78
05 14 21 30 39 43 54 58 74 80
02 14 38 39 48 50 57 69 75 80
06 09 12 18 23 30 57 76 77 80
03 17 19 20 21 24 28 36 51 55
02 11 12 14 20 21 33 39 51 62
02 12 14 18 21 32 33 39 51 62
17 28 33 38 39 43 46 59 61 74
02 12 14 17 18 21 32 33 51 62
17 20 21 24 28 32 37 42 44 51

================================================================
  [!] 以上预测仅供娱乐参考，彩票开奖结果完全随机，请理性购彩。
================================================================