================================================================
  kl8  第 2026128 期  预测报告
  基于历史 127 期数据  |  生成时间: 2026-05-18 20:39:41
================================================================

----------------------------------------------------------------
线性回归
熵最大化
MLP神经网络
XGBoost
GRU序列
冷热号平衡
同期历史
连号跨度
奇偶比
随机森林
贝叶斯
遗传算法

03 08 12 16 20 24 28 32 35 39
01 10 22 29 40 42 55 70 78 79
01 03 06 07 08 15 22 27 42 76
01 05 10 14 15 34 54 57 63 78
02 14 38 39 48 50 57 69 75 80
02 09 17 20 24 31 32 37 39 73
01 09 14 23 30 34 43 61 63 78
02 04 11 14 39 62 69 74 75 80
02 04 11 14 32 39 62 69 75 80
02 03 07 17 21 39 42 71 73 75
04 14 16 39 43 50 62 69 75 80
33 39 45 46 53 57 66 69 71 77

================================================================
  [!] 以上预测仅供娱乐参考，彩票开奖结果完全随机，请理性购彩。
================================================================