================================================================
  kl8  第 2026157 期  预测报告
  基于历史 156 期数据  |  生成时间: 2026-06-16 10:00:18
================================================================

----------------------------------------------------------------
线性回归
熵最大化
MLP神经网络
XGBoost
GRU序列
冷热号平衡
同期历史
连号跨度
奇偶比
随机森林
贝叶斯
遗传算法

03 07 11 15 18 22 26 31 35 38
01 15 22 29 40 46 55 70 78 79
01 06 07 08 26 27 32 44 72 76
14 30 43 45 51 53 58 63 77 78
02 14 38 39 48 50 57 69 75 80
03 18 25 33 38 46 53 63 67 80
07 10 12 17 18 44 49 54 59 66
02 04 11 14 38 39 50 62 74 75
02 04 11 14 17 38 39 50 62 75
06 11 13 14 17 20 22 36 39 59
02 04 14 33 38 39 50 57 62 75
10 33 38 39 53 54 57 66 75 77

================================================================
  [!] 以上预测仅供娱乐参考，彩票开奖结果完全随机，请理性购彩。
================================================================