================================================================
  kl8  第 2026137 期  预测报告
  基于历史 136 期数据  |  生成时间: 2026-05-27 10:00:18
================================================================

----------------------------------------------------------------
线性回归
熵最大化
MLP神经网络
XGBoost
GRU序列
冷热号平衡
同期历史
连号跨度
奇偶比
随机森林
贝叶斯
遗传算法

04 08 13 16 20 24 27 32 35 39
01 10 15 22 29 40 55 70 78 79
01 03 06 07 08 26 27 53 56 76
01 16 53 54 58 61 63 67 69 74
02 14 38 39 48 50 57 69 75 80
14 45 46 56 66 67 72 74 79 80
09 19 33 38 43 50 51 57 60 78
02 11 14 32 38 39 57 62 75 76
02 08 11 14 32 38 39 57 62 75
01 05 19 36 46 50 53 55 58 64
11 14 28 33 39 57 61 62 69 75
18 33 36 38 39 45 53 57 71 77

================================================================
  [!] 以上预测仅供娱乐参考，彩票开奖结果完全随机，请理性购彩。
================================================================