================================================================
  kl8  第 2026205 期  预测报告
  基于历史 204 期数据  |  生成时间: 2026-08-03 10:00:21
================================================================

----------------------------------------------------------------
线性回归
熵最大化
MLP神经网络
XGBoost
GRU序列
冷热号平衡
同期历史
连号跨度
奇偶比
随机森林
贝叶斯
遗传算法

03 07 11 15 19 22 26 30 34 37
15 20 22 29 36 55 68 70 78 79
01 06 07 08 15 27 29 43 76 78
05 14 15 30 45 56 57 61 66 80
02 14 38 39 48 50 57 69 75 80
10 17 20 23 29 30 33 50 51 75
02 10 12 15 27 29 32 42 59 73
02 11 12 14 27 38 39 62 74 75
02 04 11 12 14 27 33 38 39 62
05 06 08 14 26 34 42 57 69 71
02 12 14 33 38 39 61 62 66 69
02 12 27 39 42 44 49 61 69 73

================================================================
  [!] 以上预测仅供娱乐参考，彩票开奖结果完全随机，请理性购彩。
================================================================