================================================================
  kl8  第 2026200 期  预测报告
  基于历史 199 期数据  |  生成时间: 2026-07-29 10:00:24
================================================================

----------------------------------------------------------------
线性回归
熵最大化
MLP神经网络
XGBoost
GRU序列
冷热号平衡
同期历史
连号跨度
奇偶比
随机森林
贝叶斯
遗传算法

03 07 11 14 18 22 26 30 34 37
15 20 22 29 36 40 68 70 78 79
01 03 06 07 08 18 27 40 55 76
14 33 36 51 58 67 71 77 78 80
02 14 38 39 48 50 57 69 75 80
05 12 13 17 19 26 40 43 61 80
06 12 18 27 30 42 46 55 69 75
02 11 12 14 27 38 39 62 74 75
02 04 11 12 14 27 38 39 62 69
07 12 13 19 22 25 56 70 73 76
02 11 12 14 27 33 38 39 62 69
12 18 27 39 42 44 49 62 69 73

================================================================
  [!] 以上预测仅供娱乐参考，彩票开奖结果完全随机，请理性购彩。
================================================================