================================================================
  kl8  第 2026257 期  预测报告
  基于历史 256 期数据  |  生成时间: 2026-09-24 10:00:20
================================================================

----------------------------------------------------------------
线性回归
熵最大化
MLP神经网络
XGBoost
GRU序列
冷热号平衡
同期历史
连号跨度
奇偶比
随机森林
贝叶斯
遗传算法

03 07 11 15 19 22 26 30 34 38
01 05 22 25 40 58 68 70 78 79
01 07 08 18 26 27 43 50 53 55
05 14 30 53 57 58 61 63 66 78
02 14 38 39 48 50 57 69 75 80
02 05 16 18 21 26 38 44 58 74
02 04 08 09 18 29 31 53 65 73
02 04 12 14 20 21 33 39 51 62
02 04 11 12 14 18 33 39 51 62
05 23 31 32 44 45 55 57 59 72
02 04 12 14 18 21 28 51 62 69
02 18 21 28 35 37 41 47 51 55

================================================================
  [!] 以上预测仅供娱乐参考，彩票开奖结果完全随机，请理性购彩。
================================================================