================================================================
  kl8  第 2026154 期  预测报告
  基于历史 153 期数据  |  生成时间: 2026-06-13 10:00:17
================================================================

----------------------------------------------------------------
线性回归
熵最大化
MLP神经网络
XGBoost
GRU序列
冷热号平衡
同期历史
连号跨度
奇偶比
随机森林
贝叶斯
遗传算法

03 07 12 15 19 22 27 31 35 38
01 05 15 22 29 40 42 55 70 78
01 03 08 22 26 27 32 41 55 64
24 30 36 43 51 57 60 61 67 80
02 14 38 39 48 50 57 69 75 80
05 07 12 25 46 51 59 65 66 80
07 10 11 14 19 23 38 60 66 77
02 04 11 14 38 39 50 62 74 75
02 04 11 14 38 39 50 62 75 77
14 27 38 42 50 56 57 60 65 66
02 03 11 12 14 38 43 57 62 69
10 18 33 38 39 53 57 66 75 77

================================================================
  [!] 以上预测仅供娱乐参考，彩票开奖结果完全随机，请理性购彩。
================================================================