================================================================
  kl8  第 2026210 期  预测报告
  基于历史 209 期数据  |  生成时间: 2026-08-08 10:00:23
================================================================

----------------------------------------------------------------
线性回归
熵最大化
MLP神经网络
XGBoost
GRU序列
冷热号平衡
同期历史
连号跨度
奇偶比
随机森林
贝叶斯
遗传算法

03 07 11 14 18 21 26 30 34 37
15 22 29 36 40 55 68 70 78 79
01 03 06 08 22 26 27 55 64 76
05 16 30 31 54 57 58 61 63 74
02 14 38 39 48 50 57 69 75 80
11 12 16 19 36 39 65 68 73 75
02 04 06 10 12 32 42 51 59 73
02 11 12 14 27 38 39 62 74 75
02 11 12 14 27 33 38 39 51 62
03 09 10 17 22 29 33 41 65 78
02 12 14 18 32 33 38 39 62 69
02 12 27 32 33 39 42 44 51 73

================================================================
  [!] 以上预测仅供娱乐参考，彩票开奖结果完全随机，请理性购彩。
================================================================