================================================================
  kl8  第 2026169 期  预测报告
  基于历史 168 期数据  |  生成时间: 2026-06-28 10:00:18
================================================================

----------------------------------------------------------------
线性回归
熵最大化
MLP神经网络
XGBoost
GRU序列
冷热号平衡
同期历史
连号跨度
奇偶比
随机森林
贝叶斯
遗传算法

03 07 11 14 18 22 26 31 35 38
05 15 20 22 29 40 55 70 78 79
01 06 08 26 27 42 44 76 77 78
36 43 53 54 57 62 66 68 71 80
02 14 38 39 48 50 57 69 75 80
09 17 19 21 25 27 40 47 50 67
01 02 12 17 35 44 49 58 66 71
02 11 14 38 39 50 62 66 74 75
02 11 14 33 38 39 50 62 66 69
01 05 12 17 35 41 57 60 70 74
02 14 38 39 50 57 62 66 69 77
02 14 17 38 39 54 60 66 76 77

================================================================
  [!] 以上预测仅供娱乐参考，彩票开奖结果完全随机，请理性购彩。
================================================================