================================================================
  kl8  第 2026183 期  预测报告
  基于历史 182 期数据  |  生成时间: 2026-07-12 10:00:24
================================================================

----------------------------------------------------------------
线性回归
熵最大化
MLP神经网络
XGBoost
GRU序列
冷热号平衡
同期历史
连号跨度
奇偶比
随机森林
贝叶斯
遗传算法

03 07 11 14 18 22 26 30 35 38
15 22 29 40 46 55 68 70 78 79
01 06 08 26 27 64 74 76 77 78
39 45 51 57 62 71 74 75 78 80
02 14 38 39 48 50 57 69 75 80
02 16 18 20 25 56 65 71 77 79
01 02 12 27 30 33 35 39 49 73
02 11 12 14 33 38 39 62 74 75
02 11 12 14 27 33 38 39 62 69
15 17 21 25 37 52 58 73 77 80
02 12 14 21 33 38 39 50 62 63
02 12 27 30 33 38 39 49 54 77

================================================================
  [!] 以上预测仅供娱乐参考，彩票开奖结果完全随机，请理性购彩。
================================================================